Chr	Center	Size
1	167.5	147	
1	408.5	147	
1	565.5	147	
1	699.5	147	
1	843.5	147	
1	1221.5	147	
1	1335.5	147	
1	1488.5	147	
1	1779	146	
1	2047.5	147	
1	2240.5	147	
1	2417	120	
1	2528.5	147	
1	2613.5	147	
1	2689.5	147	
1	2787.5	147	
1	3237.5	147	
1	3317.5	147	
1	3518.5	147	
1	3687.5	147	
1	3783.5	147	
1	3876.5	155	
1	3988.5	147	
1	4100	132	
1	4255	156	
1	4439	144	
1	4724.5	147	
1	4853.5	131	
1	5124.5	147	
1	5333.5	147	
1	5470.5	125	
1	5579.5	147	
1	5733.5	137	
1	5811.5	147	
1	5992.5	121	
1	6175.5	147	
1	6276.5	147	
1	6466.5	147	
1	6614.5	123	
1	6833	156	
1	6912.5	147	
1	6987.5	147	
1	7087.5	147	
1	7288.5	147	
1	7386.5	147	
1	7468.5	147	
1	7571.5	147	
1	7759.5	147	
1	7881.5	147	
1	7964	144	
1	8086.5	147	
1	8333.5	147	
1	8489.5	147	
1	8627.5	147	
1	8851.5	147	
1	9001	152	
1	9275.5	147	
1	9398.5	147	
1	9495.5	147	
1	9585.5	133	
1	9696.5	149	
1	9993	134	
1	10336.5	147	
1	10429.5	147	
1	10537.5	147	
1	10621.5	147	
1	10697.5	147	
1	10814.5	153	
1	10967.5	147	
1	11154.5	147	
1	11300.5	147	
1	11465.5	147	
1	11658.5	147	
1	11872.5	147	
1	11960.5	147	
1	12076.5	143	
1	12523.5	151	
1	12665.5	147	
1	12843	122	
1	13094.5	147	
1	13792.5	147	
1	13867.5	147	
1	14131.5	147	
1	14245.5	147	
1	14453	158	
1	14580.5	149	
1	14806.5	147	
1	15104.5	147	
1	15209.5	147	
1	15288.5	147	
1	15377.5	147	
1	15464.5	147	
1	15695	130	
1	15833.5	147	
1	15923.5	157	
1	16086.5	147	
1	16265.5	155	
1	16536	142	
1	16711.5	147	
1	16802.5	147	
1	16944.5	147	
1	17363.5	147	
1	17545.5	143	
1	18202.5	147	
1	18356.5	155	
1	18564	154	
1	18675.5	147	
1	18779.5	147	
1	18863.5	147	
1	18945.5	147	
1	19047.5	147	
1	19142.5	147	
1	19219.5	147	
1	19453.5	147	
1	19567.5	147	
1	19659.5	147	
1	19791.5	147	
1	20076.5	125	
1	20158.5	147	
1	20298.5	147	
1	20435.5	147	
1	20554.5	143	
1	20893.5	147	
1	21056.5	147	
1	21201.5	147	
1	21288.5	147	
1	21466.5	147	
1	21571.5	147	
1	21732	156	
1	22124.5	147	
1	22202.5	143	
1	22300	158	
1	22561.5	147	
1	22649	142	
1	22793	124	
1	22873.5	147	
1	22970.5	147	
1	23075.5	147	
1	23154	142	
1	23305.5	147	
1	23394	148	
1	23476.5	147	
1	23622.5	147	
1	23705.5	141	
1	23965	148	
1	24176.5	147	
1	24284.5	147	
1	24389.5	147	
1	24759.5	147	
1	24876.5	147	
1	24954.5	137	
1	25102.5	147	
1	25198	142	
1	25558.5	147	
1	25644.5	147	
1	25897.5	147	
1	25984	158	
1	26096.5	147	
1	26237	140	
1	26439.5	147	
1	26698.5	147	
1	26854.5	147	
1	26941.5	147	
1	27036	128	
1	27174.5	145	
1	27430.5	147	
1	27728.5	147	
1	27857.5	147	
1	27946.5	147	
1	28029.5	125	
1	28162.5	147	
1	28290.5	147	
1	28460.5	129	
1	28538.5	141	
1	28838.5	147	
1	28968.5	147	
1	29075.5	147	
1	29181.5	147	
1	29263	138	
1	29408.5	131	
1	29589.5	147	
1	29737.5	147	
1	29831.5	147	
1	30234.5	147	
1	30344.5	147	
1	30512.5	147	
1	30588.5	147	
1	30735.5	147	
1	30978.5	147	
1	31176.5	157	
1	31284	124	
1	31555.5	121	
1	31639.5	147	
1	31963.5	145	
1	32322.5	147	
1	32462.5	147	
1	32827.5	147	
1	32935.5	147	
1	33014.5	147	
1	33161.5	147	
1	33286.5	147	
1	33419.5	147	
1	33568	154	
1	33664.5	147	
1	33744.5	147	
1	33858.5	147	
1	33993.5	147	
1	34093.5	147	
1	34361.5	147	
1	34505	152	
1	34685.5	147	
1	34800.5	147	
1	35059.5	147	
1	35223	140	
1	35461.5	147	
1	35632.5	143	
1	35710.5	143	
1	36034.5	147	
1	36305.5	147	
1	36456.5	147	
1	36552.5	147	
1	36690.5	147	
1	36803.5	147	
1	37193.5	147	
1	37305.5	147	
1	37486.5	147	
1	37651.5	147	
1	37816	120	
1	38089.5	147	
1	38290.5	147	
1	38371	130	
1	38565.5	147	
1	38640.5	147	
1	38738.5	155	
1	38915.5	147	
1	39032.5	147	
1	39308.5	147	
1	39522.5	147	
1	39639.5	159	
1	40061.5	147	
1	40158	150	
1	40326.5	145	
1	40573	120	
1	40709.5	147	
1	40860.5	125	
1	40975.5	147	
1	41059.5	147	
1	41268.5	155	
1	41399.5	147	
1	41582.5	147	
1	41715.5	149	
1	42036.5	147	
1	42200.5	147	
1	42306.5	137	
1	42399.5	147	
1	42492	128	
1	42611	154	
1	42688.5	147	
1	42908.5	149	
1	43065.5	147	
1	43250	144	
1	43374	130	
1	43521.5	147	
1	43600.5	147	
1	43697.5	147	
1	43971.5	147	
1	44194.5	139	
1	44345.5	147	
1	44540.5	147	
1	44685.5	147	
1	44905.5	147	
1	44988.5	147	
1	45261	158	
1	45359.5	147	
1	45536.5	147	
1	45848.5	129	
1	46040.5	147	
1	46385	130	
1	46466.5	147	
1	46624.5	147	
1	46802.5	147	
1	46884.5	147	
1	47311.5	147	
1	47409.5	147	
1	48013	148	
1	48232.5	147	
1	48467.5	153	
1	48558.5	147	
1	48682	154	
1	48773.5	159	
1	48853	136	
1	48991.5	149	
1	49165.5	147	
1	49303.5	147	
1	49453.5	147	
1	49684.5	147	
1	49763.5	147	
1	49896.5	147	
1	50005.5	147	
1	50185	144	
1	50287	158	
1	50422.5	147	
1	50611.5	147	
1	50695.5	147	
1	50777.5	147	
1	50852	132	
1	50981	130	
1	51256.5	147	
1	51550.5	127	
1	51635.5	147	
1	51842.5	147	
1	51988.5	147	
1	52065.5	131	
1	52210.5	147	
1	52351	134	
1	52485.5	147	
1	52720.5	147	
1	52820	146	
1	52905.5	147	
1	53075.5	147	
1	53255.5	141	
1	53402.5	147	
1	53501.5	147	
1	53575.5	147	
1	53702.5	147	
1	53916.5	147	
1	54170.5	147	
1	54283.5	147	
1	54394	128	
1	54666.5	147	
1	54758.5	147	
1	54889.5	147	
1	55123.5	133	
1	55225.5	147	
1	55335.5	147	
1	55431.5	147	
1	55540.5	147	
1	55829.5	137	
1	56067.5	147	
1	56232.5	147	
1	56309.5	147	
1	56624	134	
1	56786.5	147	
1	56941.5	147	
1	57120.5	147	
1	57392.5	147	
1	57472	154	
1	57566	120	
1	57643.5	147	
1	57770	128	
1	57976	154	
1	58143.5	147	
1	58283.5	147	
1	58371.5	147	
1	58686.5	147	
1	58870.5	123	
1	59063.5	147	
1	59150.5	147	
1	59288.5	147	
1	59380	146	
1	59550	158	
1	59763.5	155	
1	59986.5	147	
1	60066.5	147	
1	60279.5	147	
1	60447.5	147	
1	60523.5	147	
1	60628.5	131	
1	60785.5	147	
1	60894.5	147	
1	61005.5	147	
1	61084.5	147	
1	61210.5	147	
1	61345.5	135	
1	61558	160	
1	61640.5	147	
1	61726.5	147	
1	61849	150	
1	62065.5	147	
1	62139.5	147	
1	62303.5	147	
1	62614	136	
1	62843.5	147	
1	62938.5	147	
1	63132.5	147	
1	63210.5	147	
1	63309.5	147	
1	63409.5	147	
1	63543.5	147	
1	63645.5	147	
1	63764.5	147	
1	64098.5	147	
1	64182.5	147	
1	64262.5	147	
1	64414.5	147	
1	64515.5	147	
1	64621.5	147	
1	64715.5	147	
1	64834	158	
1	64950	152	
1	65115.5	147	
1	65296.5	147	
1	65459.5	147	
1	65543.5	147	
1	65669.5	159	
1	65812.5	147	
1	65977.5	147	
1	66152	124	
1	66283.5	147	
1	66371	158	
1	66512	134	
1	66645.5	147	
1	66841.5	147	
1	66985.5	147	
1	67073.5	147	
1	67381.5	147	
1	67602.5	147	
1	67734.5	137	
1	67876.5	147	
1	67999.5	147	
1	68342	132	
1	68472	156	
1	68593.5	147	
1	68735.5	147	
1	68943.5	147	
1	69090.5	147	
1	69169.5	147	
1	69313.5	147	
1	69409.5	151	
1	69595	140	
1	69691.5	135	
1	69837.5	125	
1	69936.5	147	
1	70071.5	147	
1	70240	124	
1	70341.5	147	
1	70472	158	
1	70695	132	
1	70861.5	127	
1	71001.5	147	
1	71076.5	147	
1	71273.5	147	
1	71349	130	
1	71561.5	147	
1	71656.5	147	
1	71765.5	137	
1	72037	154	
1	72163.5	147	
1	72378.5	147	
1	72454	134	
1	72639	158	
1	72737.5	147	
1	72879.5	147	
1	73040.5	147	
1	73244.5	147	
1	73348.5	147	
1	73431.5	147	
1	73512.5	147	
1	73591	146	
1	73712	126	
1	74054.5	147	
1	74276.5	147	
1	74370.5	147	
1	74498.5	147	
1	74591.5	147	
1	74692.5	147	
1	74892.5	147	
1	75132	150	
1	75217.5	147	
1	75387.5	147	
1	75466.5	147	
1	75641	158	
1	75809.5	147	
1	75899.5	147	
1	76088.5	147	
1	76231.5	147	
1	76444.5	157	
1	76627.5	147	
1	76896.5	147	
1	76991.5	147	
1	77106.5	147	
1	77193.5	147	
1	77272.5	147	
1	77398.5	147	
1	77499.5	147	
1	77652.5	147	
1	77768.5	147	
1	77873.5	147	
1	77970.5	147	
1	78135.5	147	
1	78213.5	147	
1	78432	122	
1	78558.5	149	
1	78824.5	147	
1	78973.5	147	
1	79143.5	147	
1	79256.5	147	
1	79505.5	147	
1	79590.5	147	
1	79763	140	
1	79992.5	147	
1	80115.5	147	
1	80215.5	147	
1	80299.5	125	
1	80724.5	147	
1	80804.5	147	
1	80962.5	147	
1	81230.5	147	
1	81666.5	127	
1	81877	150	
1	82119	134	
1	82276	152	
1	82413.5	147	
1	82499.5	147	
1	82652.5	147	
1	82832	120	
1	83146	152	
1	83382	126	
1	83514.5	147	
1	83798.5	147	
1	84001	148	
1	84081.5	159	
1	84302.5	147	
1	84390.5	147	
1	84571.5	147	
1	84779.5	149	
1	84999.5	147	
1	85114.5	147	
1	85381.5	147	
1	85483.5	141	
1	85618.5	147	
1	85715.5	147	
1	85801.5	147	
1	85921.5	147	
1	86154.5	147	
1	86309	154	
1	86405.5	147	
1	86497	150	
1	86581.5	147	
1	86655.5	147	
1	86764.5	147	
1	86844.5	149	
1	87005.5	147	
1	87203	140	
1	87276.5	147	
1	87413.5	131	
1	87479	120	
1	87666.5	147	
1	87843.5	147	
1	87969.5	147	
1	88134.5	147	
1	88245.5	147	
1	88371.5	129	
1	88571.5	147	
1	88740	148	
1	88845	158	
1	88930.5	147	
1	89018.5	147	
1	89141.5	147	
1	89218.5	147	
1	89473.5	147	
1	89598	122	
1	89791.5	157	
1	89997	156	
1	90275.5	147	
1	90431.5	147	
1	90715.5	147	
1	90867.5	147	
1	90965	154	
1	91070.5	147	
1	91203.5	147	
1	91318.5	147	
1	91530.5	129	
1	91772	156	
1	91886.5	151	
1	92018	128	
1	92473.5	147	
1	92608.5	127	
1	92750.5	147	
1	93004.5	147	
1	93118.5	147	
1	93270	126	
1	93489	154	
1	93686.5	147	
1	93760.5	147	
1	93901.5	147	
1	94247.5	147	
1	94461.5	147	
1	94545.5	147	
1	94833.5	147	
1	94927.5	147	
1	95474.5	145	
1	95586.5	147	
1	95675.5	153	
1	95781.5	147	
1	95882.5	147	
1	95991.5	147	
1	96081.5	147	
1	96258.5	141	
1	96588.5	147	
1	96883.5	147	
1	97153.5	147	
1	97336.5	147	
1	97410.5	147	
1	97587.5	147	
1	97841.5	147	
1	98035.5	147	
1	98350	156	
1	98444.5	147	
1	98530.5	147	
1	98714.5	151	
1	98824.5	147	
1	98965	154	
1	99078.5	147	
1	99279.5	147	
1	99472.5	147	
1	99724.5	147	
1	99951.5	147	
1	100034	147	
1	100440	147	
1	100702	147	
1	100858	147	
1	100982	155	
1	101086	147	
1	101190	147	
1	101572	141	
1	101748	147	
1	101924	147	
1	102117	124	
1	102288	147	
1	102630	147	
1	102720	147	
1	102980	154	
1	103111	152	
1	103316	147	
1	103404	147	
1	103580	147	
1	103746	157	
1	104048	147	
1	104252	147	
1	104522	152	
1	104748	147	
1	104956	143	
1	105040	147	
1	105120	145	
1	105264	147	
1	105360	147	
1	105457	138	
1	105638	147	
1	105860	147	
1	106030	147	
1	106218	147	
1	106416	147	
1	106710	147	
1	106902	153	
1	107061	142	
1	107166	147	
1	107242	147	
1	107508	147	
1	107622	147	
1	107795	160	
1	108266	147	
1	108438	147	
1	108700	147	
1	108894	136	
1	109220	147	
1	109308	147	
1	109416	147	
1	109622	147	
1	109756	125	
1	109852	147	
1	110010	143	
1	110358	147	
1	110458	126	
1	110612	147	
1	110772	147	
1	111222	156	
1	111384	147	
1	111506	142	
1	111758	147	
1	111842	134	
1	112038	138	
1	112210	143	
1	112318	147	
1	112474	147	
1	112767	152	
1	112852	147	
1	112944	147	
1	113144	147	
1	113244	147	
1	113370	147	
1	113592	147	
1	113822	147	
1	114155	136	
1	114248	147	
1	114592	147	
1	114668	131	
1	114986	147	
1	115178	147	
1	115352	147	
1	115432	147	
1	115540	147	
1	115710	147	
1	115806	147	
1	115931	160	
1	116058	147	
1	116139	142	
1	116322	147	
1	116514	147	
1	116594	147	
1	116674	147	
1	116748	147	
1	116836	147	
1	117052	149	
1	117192	147	
1	117282	147	
1	117358	147	
1	117570	147	
1	117758	147	
1	117852	147	
1	117992	147	
1	118074	147	
1	118152	147	
1	118414	147	
1	118514	147	
1	118608	147	
1	118816	147	
1	118964	136	
1	119054	147	
1	119180	147	
1	119270	147	
1	119603	124	
1	119755	138	
1	119904	147	
1	120118	147	
1	120222	147	
1	120394	147	
1	120566	147	
1	120656	147	
1	120902	147	
1	121064	147	
1	121158	158	
1	121350	147	
1	121486	147	
1	121630	147	
1	121708	147	
1	121790	136	
1	122010	147	
1	122290	147	
1	122368	147	
1	122470	143	
1	122548	147	
1	122652	147	
1	122758	147	
1	122870	156	
1	122991	154	
1	123134	143	
1	123262	147	
1	123350	150	
1	123502	133	
1	123722	147	
1	123866	133	
1	124050	147	
1	124162	155	
1	124250	147	
1	124608	133	
1	124706	147	
1	124786	147	
1	124942	127	
1	125052	147	
1	125264	147	
1	125472	123	
1	125648	147	
1	125842	147	
1	125958	147	
1	126048	147	
1	126258	147	
1	126334	147	
1	126412	147	
1	126508	147	
1	126620	147	
1	126730	147	
1	126898	153	
1	127314	147	
1	127442	147	
1	127762	147	
1	127870	147	
1	127970	147	
1	128113	148	
1	128208	147	
1	128292	147	
1	128570	137	
1	128738	147	
1	128925	146	
1	129048	147	
1	129124	147	
1	129206	139	
1	129400	147	
1	129672	147	
1	129822	147	
1	129916	137	
1	130150	148	
1	130309	122	
1	130502	147	
1	130749	144	
1	130970	147	
1	131046	130	
1	131144	147	
1	131226	159	
1	131316	147	
1	131534	147	
1	131610	147	
1	131776	147	
1	131876	147	
1	131952	147	
1	132096	147	
1	132216	147	
1	132352	147	
1	132490	147	
1	132670	147	
1	132891	144	
1	133026	147	
1	133224	155	
1	133350	147	
1	133494	147	
1	133712	147	
1	133816	147	
1	134034	147	
1	134110	147	
1	134200	124	
1	134272	122	
1	134420	147	
1	134544	147	
1	134626	147	
1	134743	158	
1	135028	147	
1	135106	147	
1	135272	147	
1	135362	147	
1	135505	156	
1	135630	147	
1	135870	147	
1	136202	147	
1	136350	147	
1	136430	147	
1	136624	147	
1	136810	147	
1	136894	135	
1	137106	147	
1	137226	147	
1	137328	147	
1	137440	147	
1	137594	147	
1	137700	147	
1	137822	147	
1	138106	140	
1	138338	147	
1	138536	142	
1	138620	147	
1	138700	147	
1	138858	147	
1	138946	147	
1	139038	147	
1	139254	147	
1	139400	147	
1	139598	147	
1	139770	147	
1	139857	144	
1	139934	133	
1	140324	147	
1	140404	147	
1	140666	147	
1	140806	147	
1	141098	147	
1	141185	142	
1	141268	147	
1	141376	147	
1	141596	159	
1	141689	126	
1	141843	130	
1	142074	147	
1	142358	147	
1	142458	147	
1	142566	147	
1	142696	147	
1	142820	147	
1	142968	147	
1	143400	131	
1	143666	147	
1	143808	147	
1	143896	147	
1	144445	152	
1	144604	139	
1	144732	135	
1	144974	147	
1	145098	147	
1	145248	147	
1	145338	147	
1	145418	147	
1	145574	147	
1	145668	147	
1	145742	147	
1	145952	147	
1	146092	147	
1	146181	124	
1	146314	147	
1	146540	147	
1	146626	147	
1	146846	147	
1	146924	153	
1	147108	147	
1	147376	147	
1	147498	133	
1	147632	147	
1	147890	151	
1	148082	147	
1	148174	146	
1	148380	147	
1	148720	147	
1	148902	147	
1	149176	152	
1	149254	147	
1	149384	147	
1	149506	147	
1	149790	147	
1	149944	147	
1	150192	147	
1	150295	126	
1	150438	147	
1	150598	147	
1	150746	147	
1	150968	143	
1	151102	147	
1	151320	157	
1	151400	147	
1	151510	160	
1	151622	147	
1	151706	147	
1	151829	150	
1	151992	147	
1	152166	146	
1	152370	155	
1	152458	147	
1	152542	147	
1	152626	147	
1	152838	147	
1	153194	147	
1	153376	147	
1	153478	147	
1	153672	123	
1	153916	147	
1	154074	147	
1	154194	147	
1	154292	121	
1	154560	147	
1	154674	147	
1	154854	147	
1	154962	147	
1	155122	154	
1	155216	128	
1	155326	135	
1	155530	147	
1	155720	147	
1	155896	147	
1	156156	147	
1	156344	141	
1	156564	147	
1	156646	157	
1	156938	147	
1	157032	147	
1	157118	147	
1	157222	147	
1	157373	124	
1	157451	142	
1	157685	160	
1	157868	147	
1	158062	147	
1	158140	147	
1	158216	147	
1	158514	147	
1	158634	147	
1	158726	147	
1	158808	147	
1	158968	129	
1	159116	147	
1	159336	126	
1	159418	147	
1	159526	147	
1	159612	132	
1	159686	147	
1	159794	147	
1	159878	147	
1	160106	147	
1	160214	138	
1	160520	158	
1	160840	155	
1	160974	147	
1	161286	147	
1	161416	148	
1	161504	147	
1	161582	147	
1	161752	147	
1	161860	147	
1	161982	147	
1	162085	156	
1	162344	147	
1	162576	147	
1	162766	131	
1	163098	127	
1	163224	147	
1	163464	158	
1	163612	151	
1	163738	147	
1	163946	155	
1	164076	147	
1	164162	147	
1	164250	145	
1	164416	147	
1	164520	147	
1	164670	129	
1	164856	147	
1	165030	129	
1	165245	130	
1	165518	129	
1	165642	147	
1	165774	147	
1	165888	147	
1	166100	147	
1	166229	142	
1	166590	129	
1	166721	126	
1	166826	147	
1	167106	147	
1	167215	136	
1	167298	159	
1	167596	147	
1	167682	147	
1	167912	141	
1	168160	147	
1	168268	147	
1	168416	147	
1	168493	142	
1	168656	147	
1	168762	147	
1	168886	147	
1	168972	147	
1	169066	147	
1	169400	147	
1	169536	147	
1	169622	159	
1	169742	147	
1	169864	147	
1	170036	147	
1	170188	151	
1	170300	125	
1	170380	125	
1	170488	147	
1	170724	147	
1	170868	141	
1	171086	147	
1	171364	138	
1	171524	147	
1	171650	154	
1	171894	141	
1	171988	147	
1	172064	147	
1	172368	147	
1	172452	147	
1	172820	147	
1	172906	151	
1	172986	147	
1	173172	147	
1	173330	147	
1	173660	147	
1	173926	147	
1	174242	129	
1	174344	147	
1	174452	147	
1	174540	147	
1	174710	147	
1	174830	147	
1	174908	147	
1	175214	147	
1	175291	152	
1	175590	147	
1	175742	147	
1	176060	147	
1	176354	139	
1	176470	147	
1	176582	140	
1	176656	147	
1	176808	147	
1	176896	158	
1	176990	146	
1	177178	147	
1	177390	147	
1	177488	128	
1	177580	147	
1	177672	147	
1	177940	147	
1	178040	124	
1	178196	147	
1	178518	147	
1	178598	147	
1	178676	147	
1	178898	131	
1	179180	137	
1	179416	123	
1	179652	147	
1	179786	147	
1	179880	147	
1	180128	147	
1	180236	147	
1	180386	147	
1	180522	147	
1	180706	147	
1	180806	147	
1	181046	123	
1	181138	147	
1	181240	147	
1	181322	140	
1	181470	135	
1	181756	131	
1	181844	147	
1	181954	141	
1	182080	136	
1	182422	147	
1	182586	157	
1	182822	147	
1	182906	147	
1	183258	147	
1	183510	147	
1	183618	147	
1	183734	147	
1	183820	147	
