chr	center	size
1	423	117.698
1	654	134.629
1	898	120.665
1	1251	144.965
1	1531	86.1396
1	1767	107.909
1	1967	122.717
1	2207	113.778
1	2457	107.33
1	2711	119.517
1	3318	103.792
1	3803	115.749
1	4029	108.659
1	4236	116.464
1	4450	121.846
1	4665	114.32
1	4855	116.864
1	5222	111.375
1	5486	94.7476
1	5746	122.92
1	6062	99.3415
1	6293	113.197
1	6589	121.475
1	6944	102.55
1	7324	118.168
1	7576	98.5531
1	7760	126.269
1	7931	110.803
1	8076	102.713
1	8344	134.101
1	8603	122.328
1	8949	112.285
1	9240	103.968
1	9484	133.923
1	9638	125.854
1	10004	134.132
1	10357	103.564
1	10591	116.584
1	10900	93.7519
1	11223	103.689
1	11423	124.346
1	11770	115.496
1	12139	113.229
1	12584	113.861
1	12848	116.63
1	13062	122.661
1	13803	111.15
1	14158	121.83
1	14471	106.95
1	14868	110.376
1	15227	112.077
1	15516	99.8336
1	15901	117.86
1	16229	117.039
1	16528	127.418
1	16831	115.68
1	17118	121.132
1	17485	93.7274
1	17895	94.8598
1	18119	107.459
1	18269	92.0911
1	18641	121.189
1	18912	88.1415
1	19209	115.679
1	19618	112.723
1	19995	143.414
1	20250	113.506
1	20505	103.536
1	20898	113.779
1	21045	131.885
1	21195	116.396
1	21353	127.351
1	21541	125.278
1	21769	121.206
1	22218	124.521
1	22371	118.13
1	22677	114.869
1	22861	109.284
1	23140	127.227
1	23299	115.29
1	23430	109.395
1	23603	106.473
1	23746	124.914
1	23996	101.792
1	24208	123.186
1	24354	120.746
1	24758	111.757
1	24950	125.773
1	25129	113.833
1	25325	110.189
1	25604	104.54
1	25863	121.104
1	26023	112.863
1	26239	124.352
1	26428	118.83
1	26666	129.38
1	26834	111.414
1	26959	96.5185
1	27112	86.877
1	27211	113.194
1	27460	112.548
1	27755	129.289
1	28003	107.305
1	28305	96.7226
1	28516	125.731
1	29062	94.9076
1	29591	110.315
1	30299	116.348
1	30493	137.57
1	30688	122.347
1	30981	119.454
1	31270	109.784
1	31642	117.465
1	32297	143.072
1	32479	113.3
1	32997	105.244
1	33454	106.618
1	33797	92.2468
1	34066	101.77
1	34448	103.198
1	34719	108.356
1	35111	99.6822
1	35412	113.474
1	35717	113.96
1	36239	86.219
1	36679	99.0089
1	37294	121.306
1	37733	107.863
1	38236	107.619
1	38685	92.3348
1	38988	109.413
1	39283	121.587
1	39646	126.71
1	40056	114.831
1	40526	118.56
1	40947	120.827
1	41360	115.132
1	41671	120.778
1	42070	105.435
1	42316	97.0349
1	42608	128.287
1	42860	108.949
1	42994	103.417
1	43299	115.423
1	43549	104.376
1	43716	116.923
1	43991	126.57
1	44207	104.661
1	44370	114.814
1	44610	109.802
1	44946	129.163
1	45270	116.303
1	45575	134.373
1	45988	99.1312
1	46388	137.666
1	46628	128.632
1	46821	110.549
1	47365	128.285
1	47965	114.051
1	48328	93.6654
1	48659	115.155
1	48994	111.924
1	49146	99.3267
1	49251	98.8675
1	49483	136.31
1	49742	114.326
1	49952	132.978
1	50242	110.435
1	50399	108.445
1	50647	107.868
1	50824	109.367
1	50971	106.719
1	51248	100.997
1	51579	114.232
1	51856	100.561
1	52059	110.194
1	52217	115.14
1	52411	117.78
1	52519	109.136
1	52754	120.096
1	52886	108.643
1	53097	112.488
1	53279	123.583
1	53445	117.436
1	53654	135.194
1	53942	126.331
1	54200	113.494
1	54447	130.269
1	54699	106.452
1	54890	119.895
1	55278	106.987
1	55669	88.0494
1	56166	119.543
1	56577	125.409
1	56720	110.104
1	56908	110.995
1	57169	115.134
1	57418	117.645
1	57592	119.341
1	57948	117.255
1	58300	127.983
1	58752	119.758
1	59064	111.407
1	59394	132.397
1	59559	115.291
1	59779	113.788
1	60029	124.515
1	60301	110.738
1	60494	112.086
1	60766	111.463
1	60967	94.2262
1	61292	112.027
1	61605	123.602
1	61805	130.793
1	62104	114.258
1	62305	124.416
1	62637	137.429
1	62965	89.4226
1	63259	114.456
1	63560	106.096
1	63770	104.355
1	64160	122.726
1	64468	104.912
1	64691	98.6055
1	64938	108.862
1	65116	99.2126
1	65367	118.635
1	65654	99.0397
1	66027	113.532
1	66523	121.746
1	66985	116.701
1	67361	138.944
1	67710	130.107
1	67956	97.003
1	68393	113.076
1	68652	128.832
1	68926	120.328
1	69127	128.248
1	69381	116.753
1	69626	118.379
1	69965	107.296
1	70197	114.546
1	70445	129.23
1	70763	112.05
1	70989	119.524
1	71356	113.234
1	71675	116.219
1	72026	134.695
1	72157	117.871
1	72434	114.623
1	72633	106.362
1	72914	121.823
1	73215	103.369
1	73461	97.7619
1	73753	125.12
1	74001	122.557
1	74286	128.076
1	74592	102.512
1	74746	126.04
1	74950	109.13
1	75151	114.216
1	75419	113.805
1	75638	122.055
1	75829	107.96
1	76045	118.966
1	76188	122.246
1	76460	119.192
1	76723	110.633
1	77018	115.479
1	77391	112.12
1	77727	119.576
1	78108	110.806
1	78566	110.283
1	79087	103.142
1	79642	50.1473
1	80077	111.73
1	80299	122.89
1	80852	94.4793
1	81225	110.851
1	81650	111.773
1	81945	49.1857
1	82260	112.074
1	82561	114.596
1	82838	120.57
1	83220	87.2338
1	83640	102.167
1	84103	122.033
1	84353	109.999
1	84513	105.56
1	84823	88.8893
1	85209	96.6337
1	85592	117.201
1	85931	113.121
1	86340	96.9072
1	86715	118.878
1	87133	100.668
1	87424	100.495
1	87700	128.879
1	87933	116.485
1	88196	93.0585
1	88490	91.439
1	88854	110.672
1	89179	113.316
1	89475	104.755
1	89882	88.7495
1	90294	91.8678
1	90786	119.442
1	91170	101.131
1	91346	113.991
1	91484	81.7988
1	91754	122.604
1	91997	121.485
1	92402	120.079
1	92523	113.239
1	92708	121.323
1	93078	115.337
1	93395	78.104
1	93776	108.86
1	94329	92.9492
1	94538	126.737
1	94869	114.938
1	95109	110.66
1	95493	122.788
1	95723	105.813
1	95985	122.785
1	96200	118.085
1	96544	115.198
1	96912	119.046
1	97154	135.004
1	97396	136.666
1	97620	96.8478
1	97851	129.686
1	98007	128.236
1	98442	121.272
1	98899	106.955
1	99306	114.17
1	99660	114.509
1	99893	122.417
1	100041	112.871
1	100408	122.093
1	100648	124.353
1	100899	108.208
1	101149	106.161
1	101563	119.582
1	101773	127.25
1	101938	121.06
1	102152	129.006
1	102302	120.563
1	102572	113.854
1	102723	130.29
1	103037	109.987
1	103350	105.931
1	103657	92.4707
1	104136	122.067
1	104260	123.745
1	104575	115.782
1	104700	118.359
1	104998	100.603
1	105110	111.79
1	105258	119.927
1	105533	95.2531
1	105853	116.462
1	106026	131.115
1	106303	110.654
1	106684	113.563
1	106874	126.302
1	107209	93.2652
1	107589	139.23
1	107803	120.348
1	108260	124.303
1	108592	97.7735
1	108880	111.573
1	109324	108.399
1	109615	117.495
1	109738	91.879
1	109825	114.8
1	110010	138.993
1	110386	125.721
1	110558	98.3777
1	110722	122.402
1	111075	124.62
1	111283	108.831
1	111513	122.321
1	111803	113.242
1	112129	101.932
1	112382	122.1
1	112862	111.752
1	113124	116.585
1	113315	109.229
1	113587	123.569
1	113792	125.593
1	114214	108.788
1	114631	109.686
1	114919	147.429
1	115197	119.511
1	115455	121.485
1	115772	117.917
1	116017	114.285
1	116266	108.801
1	116618	123.126
1	116930	118.598
1	117265	116.793
1	117559	137.015
1	117779	124.41
1	118015	113.555
1	118350	99.1981
1	118640	118.624
1	118952	109.216
1	119242	111
1	119576	129.218
1	119855	93.5888
1	120212	118.223
1	120539	121.647
1	120854	115.932
1	121216	101.698
1	121554	114.15
1	121836	114.436
1	122001	119.982
1	122222	123.526
1	122368	109.348
1	122601	114.884
1	122881	112.586
1	123241	120.04
1	123584	97.1145
1	123877	115.791
1	124103	102.823
1	124237	130.481
1	124679	115.156
1	124969	112.324
1	125248	117.847
1	125532	101.881
1	125816	118.349
1	126047	124.095
1	126363	116.026
1	126605	127.85
1	126880	96.8579
1	127201	48.904
1	127395	122.35
1	127744	121.836
1	127870	106.68
1	128040	98.2272
1	128280	120.78
1	128640	104.667
1	128919	105.378
1	129196	93.0208
1	129336	110.225
1	129453	153.307
1	129840	95.3496
1	130205	85.0035
1	130463	113.019
1	130753	129.586
1	131024	122.179
1	131212	107.098
1	131612	122.619
1	131859	93.797
1	132164	114.291
1	132416	101.738
1	132810	95.2548
1	133225	113.777
1	133664	129.062
1	134088	114.457
1	134266	111.153
1	134449	140.165
1	134673	121.072
1	134835	127.047
1	135077	111.647
1	135294	130.218
1	135490	112.254
1	135670	120.57
1	135918	140.653
1	136370	138.322
1	136856	132.641
1	137283	110.276
1	137595	130.541
1	137862	105.663
1	138193	91.1227
1	138308	119.999
1	138435	73.2231
1	138673	106.549
1	138961	108.893
1	139328	107.303
1	139594	129.026
1	139825	102.074
1	140057	116.554
1	140359	99.1377
1	140752	112.805
1	141005	91.6754
1	141210	94.185
1	141353	110.277
1	141683	111.31
1	141994	110.357
1	142485	136.068
1	142876	99.0991
1	143371	136.024
1	143733	110.25
1	143904	113.736
1	144444	135.953
1	144609	108.157
1	144712	114.629
1	145079	107.293
1	145343	122.603
1	145669	103.955
1	146004	103.487
1	146236	105.496
1	146508	118.164
1	146658	118.781
1	146852	122.578
1	147120	133.686
1	147393	110.45
1	147745	98.8176
1	148124	111.55
1	148373	129.865
1	148718	128.139
1	148894	118.631
1	149260	99.9857
1	149524	117.349
1	149859	112.583
1	150164	115.486
1	150322	120.212
1	150422	109.454
1	150566	108.332
1	150710	130.285
1	150979	114.477
1	151264	106.154
1	151524	96.6864
1	151790	109.153
1	152018	114.616
1	152153	118.195
1	152392	137.05
1	152591	136.624
1	152839	134.776
1	153130	108.963
1	153291	112.043
1	153451	112.663
1	153650	130.731
1	153952	114.968
1	154267	101.446
1	154600	103.538
1	155036	101.728
1	155383	95.553
1	155725	115.791
1	155915	112.238
1	156140	123.345
1	156433	102.208
1	156641	106.701
1	156949	117.197
1	157086	112.24
1	157289	116.856
1	157485	118.445
1	157685	128.819
1	157862	136.409
1	158074	110.641
1	158200	122.712
1	158665	126.572
1	159040	107.128
1	159415	112.314
1	159778	95.7335
1	160098	136.488
1	160497	107.308
1	160806	124.467
1	160965	115.293
1	161381	98.2619
1	161724	109.022
1	161988	102.212
1	162322	104.352
1	162573	123.027
1	162700	111.24
1	162782	128.271
1	163069	113.333
1	163249	130.841
1	163417	125.471
1	163621	118.85
1	163731	115.951
1	163999	93.9025
1	164298	108.363
1	164630	117.521
1	164860	115.95
1	165059	132.417
1	165250	132.909
1	165518	120.328
1	165652	105.959
1	165851	101.732
1	166103	125.362
1	166249	129.271
1	166695	117.262
1	167101	127.118
1	167310	110.551
1	167626	119.713
1	167967	119.963
1	168165	136.497
1	168466	106.27
1	168913	130.297
1	169356	130.977
1	169586	106.997
1	169811	110.361
1	170089	127.809
1	170218	132.239
1	170434	115.528
1	170740	109.45
1	170886	108.499
1	171094	136.433
1	171396	134.39
1	171624	106.496
1	171926	126.408
1	172064	127.403
1	172302	141.034
1	172448	123.884
1	172702	100.083
1	172853	108.573
1	173024	92.2217
1	173163	111.438
1	173315	114.308
1	173667	130.496
1	173914	117.591
1	174332	106.461
1	174582	98.0846
1	174847	107.01
1	175259	99.729
1	175536	156.712
1	175710	119.905
1	175992	112.287
1	176374	105.438
1	176657	132.909
1	176936	103.288
1	177194	122.595
1	177458	112.061
1	177673	129.788
1	177939	106.428
1	178070	115.878
1	178183	97.8618
1	178510	107.847
1	178628	113.28
1	178888	128.959
1	179188	111.135
1	179337	94.2341
1	179423	122.644
1	179629	128.149
1	179854	104.264
1	180077	110.651
1	180279	145.322
1	180474	115.173
1	180780	122.967
1	181096	112.092
1	181320	105.563
1	181479	116.252
1	181759	109.993
1	181930	117.031
1	182076	122.726
1	182428	109.36
1	182679	107.745
1	182905	128.427
1	183262	115.627
