chr	center	size
1	454	126.178
1	659	120.896
1	884	117.505
1	1258	124.821
1	1457	122.292
1	1763	126.43
1	2055	114.043
1	2410	127.638
1	2694	105.646
1	3225	134.979
1	3520	134.419
1	3805	99.5627
1	4017	119.793
1	4225	120.259
1	4457	123.795
1	4681	127.958
1	4847	127.621
1	5300	112.566
1	5602	123.974
1	5969	126.569
1	6187	117.67
1	6302	113.294
1	6541	95.6459
1	6843	102.773
1	7048	95.868
1	7373	109.404
1	7681	101.333
1	8005	111.708
1	8344	115.742
1	8515	112.05
1	8636	116.796
1	8825	112.841
1	9015	111.842
1	9247	110.619
1	9491	124.625
1	9666	117.245
1	10012	128.931
1	10437	99.4935
1	10741	105.273
1	11012	99.4445
1	11342	99.1259
1	11704	89.3451
1	12033	131.389
1	12234	124.224
1	12509	111.547
1	12646	131.27
1	12854	119.258
1	13077	124.198
1	13749	111.49
1	13894	122.486
1	14203	100.971
1	14502	99.0141
1	14816	127.302
1	15021	123.321
1	15234	108.173
1	15464	116.205
1	15749	127.838
1	15911	127.34
1	16166	94.4026
1	16507	124.357
1	16827	117.938
1	17087	119.706
1	17224	65.735
1	17348	127.937
1	17555	125.567
1	17781	130.539
1	18053	120.602
1	18145	105.041
1	18320	112.505
1	18562	108.454
1	18792	110.336
1	19127	102.022
1	19489	115.371
1	19794	120.734
1	20329	105.653
1	21091	116.071
1	21561	125.139
1	22200	116.011
1	22320	120.385
1	22718	92.3579
1	23004	93.5472
1	23291	100.283
1	23566	103.183
1	23898	97.8092
1	24227	98.1159
1	24755	118.072
1	25017	117.003
1	25251	98.9577
1	25574	115.826
1	25923	116.522
1	26136	96.9393
1	26618	103.564
1	27021	120.285
1	27446	127.344
1	27811	97.9623
1	28091	114.763
1	28456	115.139
1	28914	111.399
1	29144	113.177
1	29375	113.257
1	29620	115.205
1	29809	114.811
1	30372	76.7611
1	30683	130.887
1	30971	121.483
1	31184	105.394
1	31334	120.213
1	31581	104.696
1	31785	41.1697
1	32006	122.547
1	32421	118.278
1	32940	109.841
1	33251	116.032
1	33518	111.517
1	33763	100.79
1	34039	112.442
1	34304	128.437
1	34460	127.586
1	34576	112.447
1	34766	135.156
1	35185	114.475
1	35611	119.371
1	36192	110.918
1	36669	110.49
1	37232	91.9446
1	37513	111.085
1	37827	132.656
1	38246	124.205
1	38648	96.4823
1	38997	100.421
1	39332	123.06
1	39653	108.955
1	39982	121.278
1	40143	114.944
1	40336	121.33
1	40545	109.671
1	40670	107.846
1	40857	98.1294
1	40987	101.205
1	41121	74.1495
1	41312	96.6941
1	41500	110.382
1	41689	118.211
1	42032	123.685
1	42234	115.273
1	42364	112.854
1	42602	114.716
1	42946	113.267
1	43250	132.571
1	43452	109.497
1	43648	108.666
1	44158	99.5641
1	44526	110.895
1	44938	136.549
1	45206	114.812
1	45338	114.17
1	45557	114.831
1	45840	133.812
1	46050	118.26
1	46131	119.427
1	46454	99.2571
1	46678	126.193
1	46820	123.647
1	47370	123.986
1	47945	112.501
1	48176	118.186
1	48502	110.678
1	48789	100.579
1	49157	117.543
1	49473	133.609
1	49742	116.07
1	49959	131.894
1	50349	114.384
1	50806	106.74
1	51455	129.991
1	51870	120.351
1	52232	117.494
1	52585	75.719
1	52846	115.813
1	53234	107.449
1	53530	104.191
1	54004	83.8082
1	54343	95.1173
1	54723	125.893
1	54877	119.655
1	55139	120.392
1	55338	111.697
1	55608	118.927
1	55847	123.343
1	56177	86.4903
1	56665	101.349
1	56911	127.43
1	57234	92.2487
1	57551	110.026
1	57882	99.5766
1	58158	125.84
1	58313	108.971
1	58611	133.301
1	58997	110.058
1	59367	134.843
1	59549	115.016
1	59755	119.651
1	60023	113.877
1	60282	126.74
1	60479	121.529
1	60739	94.3787
1	60985	85.0017
1	61289	107.963
1	61563	108.915
1	61759	100.909
1	62037	121.261
1	62155	109.417
1	62289	122.968
1	62651	116.89
1	62908	120.027
1	63184	106.935
1	63615	111.642
1	64050	133.28
1	64300	113.744
1	64662	110.03
1	65045	111.436
1	65491	108.582
1	65886	107.023
1	66262	91.1958
1	66662	114.819
1	67090	118.826
1	67429	97.0279
1	67739	117.613
1	67983	115.86
1	68316	115.375
1	68456	117.865
1	68662	113.003
1	68917	120.059
1	69132	132.649
1	69394	104.453
1	69642	95.956
1	69919	119.27
1	70197	100.452
1	70453	123.826
1	70866	108.036
1	71288	113.605
1	71676	111.784
1	72153	133.033
1	72584	99.9633
1	72897	97.6868
1	73222	121.858
1	73509	87.5003
1	73758	119.895
1	74006	118.401
1	74243	114.533
1	74355	109.087
1	74583	116.46
1	74741	129.829
1	75032	93.2096
1	75234	116.303
1	75381	108.018
1	75567	71.5384
1	75815	116.491
1	76104	115.353
1	76245	117.564
1	76450	117.97
1	76697	120.111
1	77056	112.539
1	77522	82.3757
1	77950	105.797
1	78461	116.982
1	78863	107.589
1	79213	106.524
1	79537	144.396
1	79770	117.646
1	79990	117.611
1	80087	107.554
1	80215	87.0528
1	80309	113.688
1	80842	95.8843
1	81229	128.861
1	81748	68.6512
1	82131	130.223
1	82320	109.195
1	82564	106.511
1	82847	127.95
1	83146	125.055
1	83470	91.4186
1	83750	139.207
1	84038	106.727
1	84278	107.339
1	84601	121.338
1	84854	103.9
1	85086	125.172
1	85296	116.709
1	85538	119.558
1	85742	114.965
1	85910	109.021
1	86191	93.04
1	86467	108.05
1	86728	100.212
1	87039	125.89
1	87257	108.928
1	87475	105.886
1	87689	127.572
1	87923	108.386
1	88171	132.74
1	88338	138.876
1	88589	126.819
1	88858	107.982
1	89143	119.454
1	89398	120.28
1	89669	54.7645
1	89978	122.016
1	90223	121.051
1	90432	126.912
1	90738	108.817
1	90924	100.054
1	91111	122.219
1	91337	110.975
1	91556	119.91
1	91780	104.011
1	91996	103.946
1	92623	113.108
1	93041	93.9541
1	93262	125.048
1	93524	111.449
1	93769	116.356
1	93926	119.663
1	94333	114.941
1	94523	109.585
1	94658	171.242
1	94858	127.748
1	95102	140.323
1	95617	110.725
1	96101	124.315
1	96547	114.206
1	96891	120.011
1	97205	123.511
1	97442	125.591
1	97645	118.681
1	97961	112.996
1	98347	123.693
1	98499	122.4
1	98836	113.238
1	99119	115.751
1	99440	129.307
1	99729	131.592
1	100006	106.384
1	100408	109.705
1	100719	102.676
1	101001	101.914
1	101228	104.278
1	101558	122.668
1	101866	101.608
1	102216	92.4816
1	102665	104.686
1	102954	124.107
1	103094	114.279
1	103193	123.373
1	103427	117.733
1	103686	99.5043
1	104205	110.697
1	104612	102.333
1	105007	108.67
1	105161	63.7693
1	105413	105.709
1	105611	131.967
1	105959	86.7333
1	106314	102.65
1	106681	123.505
1	106861	117.439
1	107201	97.8992
1	107583	123.584
1	107803	123.836
1	108233	128.546
1	108468	119.698
1	108675	119.455
1	108904	124.962
1	109240	111.073
1	109384	124.411
1	109614	113.086
1	109806	129.601
1	110013	122.796
1	110423	108.689
1	110689	110.848
1	111015	120.492
1	111114	98.0221
1	111212	106.703
1	111333	114.069
1	111611	95.1037
1	111966	85.9065
1	112318	104.355
1	112859	102.154
1	113224	116.679
1	113595	131.482
1	113818	120.951
1	114202	124.476
1	114646	122.106
1	115026	90.5212
1	115404	104.613
1	115794	110.729
1	116161	119.314
1	116613	101.434
1	116920	81.5926
1	117325	117.514
1	117602	114.35
1	117776	130.821
1	118012	84.9173
1	118301	115.906
1	118549	101.83
1	118804	117.492
1	118974	112.541
1	119237	127.464
1	119583	127.572
1	119778	121.457
1	119923	119.58
1	120194	100.319
1	120513	91.6562
1	120794	86.5014
1	121221	107.053
1	121661	117.194
1	122044	90.3063
1	122516	107.064
1	122909	113.411
1	123348	116.339
1	123751	98.6263
1	124143	113.956
1	124674	104.174
1	124934	119.934
1	125253	112.04
1	125523	100.196
1	125903	104.632
1	126232	118.137
1	126447	112.495
1	126676	109.969
1	126914	114.681
1	127305	117.102
1	127417	117.827
1	127776	123.085
1	127959	111.152
1	128242	95.8144
1	128612	98.832
1	128888	124.148
1	129059	125.901
1	129246	111.542
1	129409	122.104
1	129734	107.687
1	129896	105.401
1	130121	121.659
1	130315	122.702
1	130492	127.347
1	130755	124.029
1	131016	120.464
1	131214	112.238
1	131702	102.34
1	131978	116.441
1	132365	124.453
1	132788	100.703
1	133107	96.0703
1	133380	85.4069
1	133703	111.169
1	134142	115.722
1	134413	104.154
1	134746	84.9338
1	135054	123.902
1	135158	67.03
1	135323	119.875
1	135558	104.778
1	135703	114.068
1	135877	114.587
1	136246	116.514
1	136411	123.507
1	136635	123.998
1	136872	115.248
1	136976	113.333
1	137175	127.503
1	137389	111.831
1	137759	115.559
1	138067	122.561
1	138327	131.335
1	138636	105.369
1	138861	130.55
1	139016	122.335
1	139332	101.584
1	139659	93.5227
1	139955	77.1294
1	140290	128.812
1	140454	126.148
1	140703	117.133
1	140829	125.979
1	141068	111.445
1	141312	108.898
1	141707	110.333
1	142026	121.825
1	142338	130.745
1	142630	114.054
1	142936	70.0617
1	143380	120.593
1	143682	105.295
1	143875	103.54
1	144451	111.763
1	144710	113.689
1	145068	80.7078
1	145334	113.372
1	145657	113.259
1	145966	127.957
1	146214	110.05
1	146564	104.104
1	146862	120.73
1	147123	137.898
1	147412	97.8016
1	147775	62.2451
1	148164	116.576
1	148393	133.901
1	148795	107.563
1	149190	133.373
1	149417	120.879
1	149559	123.359
1	149861	108.92
1	150293	110.484
1	150662	97.4295
1	151065	114.678
1	151378	101.66
1	151750	100.857
1	152107	110.167
1	152383	117.571
1	152583	118.271
1	152846	114.385
1	153236	83.0378
1	153557	86.0486
1	153910	110.129
1	154011	117.832
1	154190	128.976
1	154344	120.749
1	154541	119.537
1	154671	128.312
1	155022	99.5003
1	155274	105.515
1	155492	118.766
1	155749	122.383
1	155933	130.635
1	156272	96.7125
1	156497	128.266
1	156667	117.321
1	157058	103.79
1	157375	114.642
1	157774	96.872
1	158157	101.12
1	158706	111.899
1	159254	101.914
1	159693	112.638
1	160118	121.977
1	160507	123.173
1	160824	123.715
1	160988	110.299
1	161318	87.6072
1	161527	102.896
1	161816	86.9773
1	162064	110.657
1	162428	82.5478
1	162731	117.143
1	163051	124.184
1	163238	122.483
1	163441	127.492
1	163680	119.09
1	163991	102.751
1	164364	78.1556
1	164781	114.25
1	165163	95.816
1	165692	117.238
1	166121	102.094
1	166580	125.582
1	166704	114.375
1	166835	131.904
1	167211	103.604
1	167623	122.629
1	167968	137.382
1	168165	121.414
1	168383	120.454
1	168498	124.139
1	168789	99.7615
1	169034	116.492
1	169441	92.3117
1	169748	96.3811
1	170222	110.768
1	170617	53.8074
1	170989	52.2901
1	171379	113.431
1	171512	121.293
1	171669	118.072
1	171935	113.2
1	172048	122.833
1	172312	117.318
1	172462	135.434
1	172718	106.021
1	172967	122.891
1	173148	124.71
1	173318	129.487
1	173665	114.743
1	173898	123.048
1	174358	113.546
1	174628	102.369
1	174860	104.397
1	175265	107.019
1	175565	126.897
1	175720	128.478
1	176007	128.348
1	176382	109.162
1	176620	120.466
1	176909	99.9075
1	177179	122.168
1	177468	100.544
1	177831	80.9553
1	178079	106.119
1	178530	115.688
1	178649	124.73
1	178908	112.799
1	179193	124.72
1	179495	93.1228
1	179843	97.8359
1	180166	88.4611
1	180483	125.514
1	180758	108.243
1	181130	101.344
1	181389	101.747
1	181776	120.301
1	182017	105.715
1	182396	122.222
1	182625	114.709
1	182863	105.619
1	183257	129.79
1	183449	124.078
