chr	center	size
1	432	110.363
1	661	130.49
1	879	119.7
1	1248	133.494
1	1460	123.439
1	1960	127.08
1	2317	77.8634
1	2660	118.134
1	3227	124.496
1	3508	126.012
1	3734	127.396
1	3873	121.405
1	4017	128.768
1	4229	125.416
1	4446	126.978
1	4792	91.7805
1	5168	126.455
1	5397	97.8998
1	5682	60.1451
1	6002	125.86
1	6161	123.344
1	6284	120.594
1	6474	121.023
1	6615	128.327
1	6820	108.444
1	7040	110.569
1	7317	119.805
1	7441	120.253
1	7598	119.871
1	7759	130.258
1	8003	96.4308
1	8340	130.343
1	8589	108.753
1	8922	111.109
1	9209	116.165
1	9597	113.559
1	10006	136.076
1	10346	121.083
1	10569	94.6111
1	10795	133.647
1	10964	127.793
1	11195	103.645
1	11410	123.244
1	11643	136.827
1	11840	125.006
1	12040	122.589
1	12242	119.527
1	12584	95.6047
1	12859	121.965
1	13074	133.934
1	13818	102.786
1	14129	127.181
1	14270	120.294
1	14414	124.207
1	14569	121.764
1	14819	126.798
1	15007	122.104
1	15168	126.56
1	15317	122.132
1	15480	126.182
1	15758	118.213
1	16024	71.8879
1	16285	123.079
1	16529	136.495
1	16783	126.275
1	16902	117.056
1	17120	119.529
1	17338	118.95
1	17565	130.082
1	17786	121.359
1	18141	108.76
1	18435	92.0243
1	18703	110.236
1	18876	125.962
1	19093	135.07
1	19211	110.73
1	19438	144.684
1	19712	104.109
1	20035	108.476
1	20247	128.003
1	20533	106.138
1	21032	114.313
1	21282	102.852
1	21538	128.247
1	21744	130.38
1	22268	88.965
1	22636	124.634
1	22857	94.4411
1	23131	130.407
1	23370	97.3355
1	23672	102.031
1	24024	96.9573
1	24282	97.5289
1	24847	42.8974
1	25226	120.87
1	25589	134.241
1	25943	113.861
1	26195	101.652
1	26450	128.272
1	26698	133.449
1	26981	107.629
1	27202	123.457
1	27445	120.062
1	27755	126.289
1	27902	125.363
1	28068	117.11
1	28244	121.769
1	28478	103.235
1	29070	114.032
1	29617	106.858
1	30395	63.8499
1	30698	140.59
1	31012	61.8304
1	31293	123.948
1	31581	105.471
1	31995	120.406
1	32434	119.259
1	33002	107.704
1	33480	106.623
1	33937	87.6488
1	34410	79.2252
1	34694	75.9544
1	35032	119.445
1	35239	102.162
1	35533	90.822
1	35721	118.528
1	36010	122.838
1	36153	126.406
1	36321	124.266
1	36506	96.8234
1	36687	117.592
1	36842	126.197
1	37199	96.3012
1	37447	119.404
1	37633	119.962
1	37847	125.315
1	38076	128.648
1	38307	94.5299
1	38599	123.629
1	38763	136.079
1	39016	94.1799
1	39298	128.305
1	39629	112.41
1	40035	112.083
1	40309	134.31
1	40553	122.424
1	40686	123.061
1	40974	95.1592
1	41248	124.574
1	41452	102.935
1	41695	129.089
1	42024	122.192
1	42218	117.407
1	42354	126.764
1	42558	122.132
1	42657	117.864
1	42945	106.785
1	43294	89.9771
1	43611	100.011
1	43992	125.926
1	44250	112.671
1	44495	103.623
1	44671	127.49
1	44951	137.486
1	45267	113.1
1	45557	124.799
1	45842	128.783
1	46073	127.89
1	46380	126.406
1	46503	110.503
1	46643	108.982
1	46822	124.999
1	47361	123.41
1	47919	121.796
1	48126	84.8512
1	48549	115.961
1	48845	135.567
1	49123	95.0596
1	49286	130.777
1	49480	127.013
1	49734	135.215
1	49951	121.415
1	50325	119.763
1	50681	103.483
1	50895	99.6763
1	51248	128.739
1	51572	103.367
1	51835	125.561
1	51996	116.783
1	52152	104.505
1	52433	103.285
1	52809	96.3562
1	53235	99.0508
1	53534	121.776
1	53933	131.095
1	54114	126.346
1	54271	128.029
1	54444	122.367
1	54811	82.5023
1	55141	126.826
1	55367	111.605
1	55597	124.589
1	55838	127.188
1	56090	123.069
1	56275	126.973
1	56669	105.322
1	57117	39.8922
1	57441	104.092
1	57743	70.3445
1	58066	77.512
1	58347	128.476
1	58660	131.913
1	58895	115.684
1	59087	96.1559
1	59463	71.7509
1	59766	124.447
1	60024	122.603
1	60287	124.202
1	60482	117.357
1	60790	123.566
1	61251	128.379
1	61675	122.374
1	62086	100.192
1	62286	121.845
1	62630	128.848
1	62893	125.105
1	63094	124.006
1	63216	129.606
1	63461	93.7789
1	63730	97.5714
1	64102	125.201
1	64220	113.513
1	64358	119.56
1	64549	125.912
1	64741	93.887
1	65017	107.991
1	65330	134.927
1	65559	115.917
1	65826	122.844
1	65967	126.103
1	66137	121.014
1	66332	123.583
1	66529	100.001
1	66793	134.737
1	67008	119.234
1	67149	126.913
1	67362	128.271
1	67646	67.289
1	67944	102.274
1	68314	125.489
1	68461	124.588
1	68654	103.86
1	68922	121.906
1	69128	131.433
1	69401	104.829
1	69640	101.676
1	69910	125.399
1	70180	66.0089
1	70427	135.308
1	70845	104.398
1	71298	112.684
1	71667	113.195
1	72087	112.343
1	72438	110.347
1	72738	119.44
1	73042	127.77
1	73337	96.0141
1	73572	120.716
1	73764	131.718
1	74003	122.035
1	74271	104.759
1	74651	82.5237
1	74923	117.468
1	75151	106.507
1	75440	128.679
1	75639	116.957
1	75837	123.72
1	76141	113.202
1	76453	127.209
1	76692	126.479
1	76994	99.2768
1	77327	68.3785
1	77716	120.773
1	78063	110.943
1	78477	127.082
1	78875	101.542
1	79206	115.859
1	79535	124.153
1	79777	123.749
1	80006	116.355
1	80125	125.042
1	80290	118.219
1	80746	115.063
1	80912	130.846
1	81237	121.04
1	81649	126.861
1	81860	124.863
1	82162	102.539
1	82337	121.843
1	82571	104.663
1	82852	133.994
1	83141	120.235
1	83377	124.599
1	83545	129.721
1	83760	116.352
1	83969	126.866
1	84122	106.636
1	84328	109.924
1	84598	123.135
1	84846	86.2422
1	85115	118.043
1	85493	133.855
1	85822	108.34
1	86154	99.6825
1	86469	93.9173
1	86745	80.4451
1	87046	131.117
1	87302	96.7393
1	87601	71.1467
1	87938	107.575
1	88241	65.5071
1	88566	138.612
1	88871	115.967
1	89256	127.396
1	89666	42.5065
1	89989	126.636
1	90214	133.836
1	90430	117.541
1	90737	119.539
1	91013	88.0355
1	91302	100.779
1	91657	71.5419
1	91970	102.736
1	92495	121.826
1	92668	115.026
1	92968	122.21
1	93110	133.059
1	93254	124.265
1	93491	126.538
1	93731	106.838
1	93904	119.074
1	94293	112.319
1	94504	110.614
1	94875	123.818
1	95100	128.965
1	95449	120.082
1	95559	120.948
1	95746	106.12
1	95965	123.489
1	96086	121.754
1	96253	129.658
1	96544	132.304
1	96888	126.957
1	97138	125.914
1	97387	126.523
1	97615	120.947
1	97918	56.9519
1	98347	119.831
1	98506	125.964
1	98850	120.394
1	99174	73.5296
1	99583	12.2624
1	99998	102.001
1	100424	118.204
1	100678	124.515
1	100854	121.854
1	101036	112.609
1	101225	119.833
1	101557	129.659
1	101848	90.4965
1	102148	137.475
1	102291	128.922
1	102652	91.3758
1	103005	102.237
1	103188	121.036
1	103396	125.133
1	103568	120.18
1	103734	124.941
1	104203	96.5855
1	104545	119.282
1	104690	129.921
1	104989	112.546
1	105092	117.214
1	105291	129.408
1	105451	121.958
1	105622	125.389
1	105862	120.798
1	106030	129.943
1	106259	124.105
1	106373	123.179
1	106682	133.513
1	106862	125.334
1	107122	124.848
1	107269	125.261
1	107589	123.643
1	107811	124.87
1	108233	125.281
1	108577	50.8882
1	108904	120.189
1	109311	111.508
1	109652	116.714
1	109989	115.496
1	110426	106.626
1	110688	103.757
1	111116	95.6962
1	111328	122.459
1	111516	128.18
1	111781	90.7791
1	112074	113.791
1	112328	114.294
1	112786	122.513
1	112903	122.267
1	113101	125.604
1	113297	88.9974
1	113580	126.38
1	113790	124.692
1	114132	127.503
1	114268	124.493
1	114643	121.348
1	114946	144.597
1	115328	100.276
1	115627	71.7987
1	115934	116.626
1	116253	97.1403
1	116624	106.239
1	116845	127.212
1	117033	119.81
1	117286	106.264
1	117562	122.12
1	117767	122.364
1	117950	131.068
1	118134	128.585
1	118314	133.462
1	118546	89.9042
1	118834	99.9115
1	119006	120.267
1	119244	121.033
1	119580	128.122
1	119809	112.319
1	120083	119.207
1	120304	96.7982
1	120603	120.485
1	120849	127.155
1	121195	111.154
1	121479	111.267
1	121694	126.546
1	121820	130.553
1	121982	119.695
1	122204	127.354
1	122440	106.522
1	122699	108.893
1	122953	102.75
1	123274	92.6555
1	123538	124.592
1	123701	124.088
1	123888	126.17
1	124153	96.6822
1	124651	104.7
1	124903	118.569
1	125057	115.623
1	125278	125.356
1	125541	90.0653
1	125852	108.055
1	126049	129.521
1	126354	104.629
1	126638	129.826
1	126899	89.0276
1	127371	111.371
1	127849	105.248
1	128098	106.186
1	128300	118.396
1	128572	122.698
1	128728	121.993
1	128926	113.104
1	129187	113.053
1	129363	122.958
1	129801	116.487
1	130115	131.619
1	130311	129.746
1	130500	124.768
1	130752	128.915
1	131033	113.522
1	131244	108.179
1	131582	121.18
1	131766	126.326
1	131950	106.004
1	132187	119.386
1	132355	115.169
1	132473	125.947
1	132695	126.532
1	132953	92.3774
1	133273	125.448
1	133662	123.077
1	134129	104.406
1	134387	83.5422
1	134674	127.334
1	134813	124.05
1	135085	120.936
1	135309	124.211
1	135557	114.689
1	135695	101.39
1	135889	119.185
1	136226	122.707
1	136396	130.883
1	136629	125.257
1	136731	84.8477
1	136849	130.468
1	136970	122.268
1	137219	97.2281
1	137409	123.593
1	137617	121.982
1	137755	129.856
1	137893	122.597
1	138086	119.278
1	138310	122.666
1	138568	121.725
1	138681	120.342
1	138865	117.532
1	139024	130.994
1	139327	102.105
1	139583	124.997
1	139815	93.743
1	140080	115.985
1	140377	102.466
1	140774	105.239
1	141045	121.83
1	141204	127.426
1	141343	118.938
1	141631	106.834
1	141804	119.613
1	142045	124.287
1	142333	120.958
1	142605	104.654
1	142837	129.094
1	143011	124.775
1	143389	125.973
1	143667	119.798
1	143869	96.5695
1	144424	124.259
1	144677	96.9672
1	145026	96.3167
1	145311	106.921
1	145593	123.693
1	145723	114.595
1	145973	121.227
1	146161	116.658
1	146277	113.946
1	146495	130.587
1	146616	116.425
1	146863	122.319
1	147113	125.195
1	147415	88.0693
1	147665	132.647
1	147878	137.084
1	148097	122.451
1	148216	125.558
1	148388	124.745
1	148725	116.374
1	148886	127.527
1	149205	128.288
1	149491	103.262
1	149790	126.759
1	149923	123.037
1	150256	99.5428
1	150538	64.6964
1	150728	121.266
1	151022	80.0134
1	151297	103.984
1	151518	128.67
1	151774	83.1436
1	152040	121.49
1	152159	123.805
1	152381	126.413
1	152583	120.791
1	152833	126.706
1	153153	124.923
1	153335	130.853
1	153605	97.4304
1	153951	104.44
1	154210	126.02
1	154348	124.478
1	154596	106.914
1	154936	125.703
1	155117	111.442
1	155318	125.765
1	155487	121.394
1	155734	125.893
1	155897	126.312
1	156214	38.5431
1	156584	75.1264
1	157048	110.556
1	157374	103.501
1	157781	57.7119
1	158166	88.3728
1	158560	105.918
1	158779	109.815
1	159034	99.3982
1	159333	103.952
1	159572	87.8987
1	159817	98.4421
1	160143	99.2752
1	160507	118.02
1	160891	98.5379
1	161276	119.482
1	161429	119.945
1	161560	115.955
1	161790	101.548
1	162041	119.699
1	162335	132.947
1	162576	119.461
1	162742	119.141
1	163057	129.396
1	163231	121.794
1	163423	125.245
1	163668	101.446
1	163936	122.278
1	164167	93.7536
1	164491	99.1317
1	164811	110.642
1	165135	58.6619
1	165602	98.4578
1	165842	100.891
1	166164	87.5624
1	166646	93.6895
1	166834	122.3
1	167118	105.416
1	167320	109.038
1	167645	125.579
1	167953	125.112
1	168157	124.624
1	168389	126.176
1	168514	122.827
1	168732	127.127
1	168985	95.74
1	169347	124.67
1	169568	106.277
1	169802	119.247
1	170170	106.294
1	170409	105.238
1	170766	73.3975
1	171086	124.942
1	171387	130.655
1	171590	104.487
1	171985	104.877
1	172320	128.974
1	172481	134.093
1	172743	97.795
1	173002	123.911
1	173267	76.5295
1	173680	124.497
1	173909	128.874
1	174325	92.5958
1	174587	92.9437
1	174851	99.7321
1	175270	92.0374
1	175559	128.563
1	175715	123.501
1	176008	128.917
1	176337	119.872
1	176484	131.592
1	176645	128.94
1	176853	123.906
1	176989	124.233
1	177189	128.243
1	177420	107.416
1	177667	126.115
1	177957	106.847
1	178164	133.736
1	178533	118.725
1	178636	114.701
1	178909	127.622
1	179199	128.41
1	179424	127.231
1	179685	76.1512
1	179986	79.9836
1	180255	124.559
1	180494	118.88
1	180770	111.277
1	181114	98.3795
1	181330	120.297
1	181480	118.858
1	181809	101.395
1	182038	119.898
1	182394	127.825
1	182570	120.759
1	182677	121.826
1	182871	97.2392
