chr	center	size
1	398	125.658
1	765	17.894
1	1249	123.723
1	1461	133.665
1	1913	37.9644
1	2247	136.086
1	2659	126.454
1	3239	133.605
1	3717	128.935
1	4040	134.993
1	4453	126.95
1	4674	128.653
1	4848	129.355
1	5169	130.544
1	5397	94.4138
1	5589	129.465
1	5761	123.103
1	5998	135.055
1	6161	129.14
1	6281	130.449
1	6477	129.814
1	6616	129.821
1	6791	129.379
1	6943	129.113
1	7072	131.043
1	7383	94.8231
1	7603	126.204
1	7757	131.273
1	7936	129.117
1	8068	131.761
1	8432	46.2562
1	8709	63.1513
1	8996	101.458
1	9245	125.438
1	9539	96.8652
1	9711	125.553
1	10011	126.885
1	10336	130.917
1	10480	130.738
1	10609	131.931
1	10785	125.451
1	10961	126.363
1	11203	72.381
1	11422	127.959
1	11641	135.432
1	11835	124.355
1	12143	40.5355
1	12521	125.334
1	12653	134.799
1	12959	15.7702
1	13758	128.658
1	13895	126.207
1	14124	126.617
1	14275	127.331
1	14420	128.193
1	14569	125.709
1	14819	130.394
1	15084	67.7932
1	15385	61.8793
1	15739	132.793
1	15922	129.858
1	16213	43.8188
1	16528	130.081
1	16769	130.523
1	16906	126.645
1	17207	26.5877
1	17550	120.279
1	17782	127.329
1	18084	126.289
1	18276	57.9614
1	18585	88.6018
1	18823	96.1348
1	19175	57.9748
1	19470	126.019
1	19708	99.1466
1	20076	92.8464
1	20253	123.202
1	20392	125.971
1	20562	121.31
1	21029	105.384
1	21288	103.328
1	21552	133.157
1	21756	128.148
1	22205	134.192
1	22336	132.61
1	22718	57.2886
1	23037	34.6578
1	23314	126.445
1	23426	128.043
1	23672	100.992
1	23942	126.869
1	24107	129.062
1	24286	75.2587
1	24758	126.945
1	25009	82.4007
1	25303	79.7394
1	25600	126.724
1	25925	98.9296
1	26085	129.295
1	26231	128.635
1	26456	123.443
1	26679	127.464
1	26947	67.028
1	27198	124.377
1	27445	124.803
1	27753	133.709
1	27992	54.8631
1	28415	129.225
1	28951	116.18
1	29225	102.657
1	29493	75.2825
1	29751	100.065
1	30391	47.7553
1	30699	130.812
1	30962	132.912
1	31241	82.7254
1	31576	93.6218
1	31989	125.706
1	32382	125.654
1	32486	126.931
1	32984	124.474
1	33366	124.961
1	33692	99.4612
1	34028	119.816
1	34403	69.9435
1	34673	39.9585
1	35028	127.893
1	35181	126.806
1	35392	43.2046
1	35681	96.5483
1	36094	79.4998
1	36451	127.179
1	36758	71.9428
1	37225	56.8519
1	37469	131.19
1	37632	125.683
1	37839	125.774
1	38150	63.3546
1	38371	126.456
1	38588	123.307
1	38744	135.153
1	39006	58.0438
1	39305	127.837
1	39507	129.021
1	39707	84.7944
1	40002	133.94
1	40134	131.298
1	40333	130.4
1	40554	132.876
1	40692	125.802
1	40959	92.2834
1	41304	89.2343
1	41510	129.837
1	41697	131.563
1	42035	136.041
1	42297	82.6836
1	42601	103.726
1	42882	130.811
1	43011	126.426
1	43324	48.3645
1	43561	131.015
1	43690	126.744
1	44013	119.456
1	44326	112.362
1	44607	92.4638
1	44946	129.013
1	45271	96.9835
1	45561	127.218
1	45839	127.31
1	46071	128.107
1	46437	70.0263
1	46743	70.4134
1	47370	127.831
1	47914	128.428
1	48117	53.4912
1	48449	123.208
1	48631	80.4993
1	48913	55.8798
1	49231	96.012
1	49488	120.915
1	49741	121.7
1	49956	127.752
1	50255	89.9308
1	50422	130.969
1	50685	95.4873
1	50899	103.213
1	51270	137.338
1	51641	133.611
1	52018	115.794
1	52210	125.893
1	52370	121.822
1	52499	122.654
1	52804	93.4326
1	53192	63.8492
1	53466	101.946
1	53683	126.43
1	53933	130.563
1	54110	124.241
1	54280	134.038
1	54445	129.217
1	54722	127.002
1	54883	126.706
1	55130	125.012
1	55347	102.482
1	55598	131.821
1	55839	126.863
1	56183	48.7578
1	56665	100.483
1	56912	122.848
1	57185	126.978
1	57386	125.991
1	57501	125.832
1	57619	130.186
1	57810	121.525
1	58069	64.6387
1	58344	132.743
1	58661	121.54
1	58926	87.3226
1	59122	127.779
1	59447	51.8782
1	59762	129.68
1	60022	125.085
1	60287	131.755
1	60478	132.796
1	60731	95.0991
1	60991	70.6705
1	61318	97.1259
1	61680	125.403
1	62163	128.941
1	62633	126.578
1	62897	125.629
1	63100	121.305
1	63317	51.029
1	63683	119.304
1	64097	129.175
1	64287	64.3957
1	64593	90.8922
1	64847	84.4941
1	65084	103.527
1	65337	124.877
1	65560	104.673
1	65837	134.577
1	65965	119.503
1	66133	126.769
1	66334	133.237
1	66492	128.341
1	66638	121.137
1	66812	125.295
1	67010	127.339
1	67149	130.689
1	67363	121.14
1	67572	127.548
1	67803	77.0997
1	68010	123.6
1	68335	125.228
1	68557	101.438
1	68722	124.424
1	68925	128.824
1	69179	64.3427
1	69498	98.1307
1	69702	124.188
1	69896	129.23
1	70074	133.514
1	70240	123.271
1	70427	128.624
1	70746	101.097
1	70971	83.8218
1	71312	94.0554
1	71612	97.0686
1	71798	124.828
1	72077	105.705
1	72368	125.262
1	72475	124.672
1	72612	126.444
1	72733	124.926
1	72868	129.525
1	73037	130.87
1	73211	134.672
1	73503	53.8155
1	73759	133.772
1	74004	126.478
1	74234	129.839
1	74333	123.097
1	74580	133.982
1	74727	127.291
1	74924	134.681
1	75160	97.9574
1	75444	121.426
1	75633	122.406
1	75838	130.143
1	76085	126.303
1	76208	132.39
1	76999	92.4987
1	77345	85.7371
1	77743	105.695
1	78127	118.282
1	78536	108.028
1	78875	78.545
1	79212	97.1086
1	79535	127.418
1	79771	127.684
1	80075	104.182
1	80306	138.823
1	80699	141.307
1	80896	112.898
1	81233	128.073
1	81735	24.2569
1	82181	93.2649
1	82425	65.1655
1	82634	126.699
1	82848	128.86
1	83137	125.617
1	83460	56.1756
1	83755	127.035
1	84025	91.1541
1	84224	130.22
1	84358	130.286
1	84603	130.816
1	84853	78.2733
1	85084	131.52
1	85291	132.257
1	85535	101.348
1	85774	94.6234
1	85933	128.005
1	86137	111.564
1	86404	116.595
1	86550	126.429
1	86669	136.915
1	86826	126.513
1	87034	127.823
1	87229	130.821
1	87423	64.3671
1	87686	132.795
1	87867	126.664
1	87979	129.949
1	88261	48.7108
1	88575	128.104
1	88828	97.9911
1	89077	76.0882
1	89326	61.5864
1	89569	127.889
1	89886	29.3447
1	90214	125.432
1	90427	132.632
1	90743	102.359
1	90953	131.011
1	91095	129.559
1	91304	90.8038
1	91555	130.262
1	91743	125.324
1	91963	84.5326
1	92557	91.8839
1	92731	127.043
1	92971	123.993
1	93177	85.7825
1	93483	122.47
1	93726	98.9411
1	93907	121.732
1	94287	126.045
1	94497	100.934
1	94878	124.372
1	95098	125.746
1	95567	124.955
1	95870	72.1017
1	96182	55.5379
1	96546	130.719
1	96889	125.178
1	97140	126.724
1	97514	32.5212
1	97816	137.63
1	98006	118.871
1	98343	129.249
1	98497	129.235
1	98847	132.073
1	99161	66.2848
1	99452	128.271
1	99721	132.132
1	99981	77.3554
1	100409	104.44
1	100759	35.6213
1	101050	101.141
1	101250	126.237
1	101562	123.962
1	101757	135.256
1	101916	131.197
1	102224	77.012
1	102662	90.1905
1	102948	123.079
1	103128	92.1771
1	103400	129.928
1	103569	129.483
1	103734	131.142
1	104195	92.6351
1	104550	127.526
1	104690	132.48
1	105038	103.961
1	105371	62.5386
1	105616	128.211
1	105863	127.238
1	106033	125.639
1	106257	119.214
1	106365	125.739
1	106679	130.09
1	106863	127.145
1	107196	80.8544
1	107583	132.482
1	107801	122.355
1	108229	122.426
1	108547	19.3498
1	108908	120.437
1	109240	127.926
1	109377	124.085
1	109723	31.7522
1	110014	129.064
1	110420	96.0926
1	110687	97.3068
1	111110	89.874
1	111324	123.543
1	111522	130.183
1	111716	129.172
1	111865	126.897
1	112055	125.005
1	112371	91.8413
1	112797	120.442
1	112918	145.368
1	113219	119.586
1	113583	126.643
1	113796	124.345
1	114136	134.579
1	114263	126.556
1	114641	121.25
1	115034	4.8588
1	115422	86.2161
1	115756	66.9358
1	115965	126.73
1	116147	80.8292
1	116330	127.499
1	116617	98.0644
1	116839	128.982
1	117021	132.643
1	117228	127.775
1	117346	122.778
1	117563	131.739
1	117765	124.205
1	117951	133.167
1	118132	125.828
1	118377	72.8202
1	118600	120.222
1	118845	93.4087
1	119024	133.367
1	119243	124.17
1	119702	37.0963
1	120013	29.9669
1	120308	78.9322
1	120627	103.321
1	120872	125.434
1	121174	99.736
1	121332	125.446
1	121508	130.331
1	121755	85.5791
1	121980	118.898
1	122292	46.2571
1	122566	76.2258
1	122790	127.796
1	122907	129.456
1	123063	125.429
1	123207	124.001
1	123352	126.012
1	123615	52.4647
1	123890	127.683
1	124157	87.9051
1	124612	123.88
1	124830	66.6528
1	125061	122.522
1	125275	126.305
1	125464	124.867
1	125609	130.529
1	125882	93.8152
1	126065	125.044
1	126334	102.07
1	126617	101.822
1	126814	130.733
1	126946	130.02
1	127365	101.393
1	127833	101.499
1	128086	78.8648
1	128297	135.22
1	128573	124.034
1	128727	125.533
1	128979	76.0749
1	129212	130.701
1	129366	124.453
1	129778	98.6258
1	129949	125.24
1	130144	129.889
1	130409	55.8238
1	130754	124.894
1	131018	136.209
1	131204	89.6996
1	131583	127.189
1	131817	83.1234
1	131992	128.53
1	132269	46.7644
1	132476	126.981
1	132782	59.049
1	133094	56.3304
1	133391	55.6694
1	133635	120.321
1	133755	127.198
1	134126	108.408
1	134371	47.8692
1	134672	123.681
1	134811	133.761
1	135085	125.007
1	135315	123.04
1	135521	126.152
1	135653	126.073
1	135882	125.927
1	136226	128.144
1	136915	98.6888
1	137301	121.657
1	137697	81.2808
1	137994	28.5325
1	138319	131.407
1	138573	125.91
1	138684	127.48
1	138860	124.027
1	139028	128.361
1	139312	88.481
1	139578	128.027
1	139731	132.876
1	139867	124.745
1	140080	128.902
1	140367	69.4528
1	140763	91.3209
1	141048	128.205
1	141211	130.504
1	141339	124.027
1	141634	84.3933
1	141817	124.798
1	142047	127.976
1	142325	126.125
1	142612	77.023
1	142835	129.954
1	143011	126.739
1	143383	123.764
1	143720	98.9357
1	143920	137.257
1	144418	124.204
1	144675	91.3518
1	145049	66.3817
1	145320	90.7563
1	145594	125.721
1	145716	127.771
1	145968	124.468
1	146221	101.644
1	146569	102.084
1	146867	130.804
1	147268	17.531
1	147483	126.326
1	147665	128.953
1	147876	124.265
1	148157	104.823
1	148391	124.15
1	148724	124.956
1	148892	123.662
1	149211	128.192
1	149488	80.2441
1	149849	84.0343
1	150168	121.202
1	150297	123.811
1	150409	125.847
1	150589	133.677
1	150731	128.735
1	150950	127.719
1	151162	77.771
1	151363	127.241
1	151512	125.782
1	151764	60.327
1	152054	127.6
1	152168	128.152
1	152379	128.529
1	152584	127.354
1	152841	131.377
1	153169	124.755
1	153454	109.785
1	153653	123.622
1	153958	92.7114
1	154277	79.3592
1	154601	101.402
1	154980	88.9454
1	155161	125.408
1	155321	123.397
1	155493	129.138
1	155744	129.685
1	155896	134.826
1	156122	123.459
1	156332	127.232
1	156589	73.1844
1	156983	122.92
1	157089	125.955
1	157311	95.6923
1	157474	129.089
1	157679	126.878
1	157860	129.04
1	158088	120.829
1	158231	127.528
1	158590	102.591
1	158806	128.286
1	158964	124.214
1	159098	132.932
1	159342	99.3869
1	159522	123.641
1	159660	121.786
1	159842	98.9304
1	160084	126.876
1	160198	127.055
1	160501	130.053
1	160814	125.773
1	160986	127.005
1	161355	77.308
1	161554	132.387
1	161761	123.03
1	161910	129.595
1	162067	133.589
1	162340	129.839
1	162576	125.016
1	162743	133.912
1	163053	126.53
1	163324	38.5202
1	163621	130.213
1	163725	124.421
1	163932	126.106
1	164164	74.9634
1	164442	129.914
1	164642	129.951
1	164834	99.1494
1	165048	128.236
1	165238	133.728
1	165525	128.575
1	165661	122.592
1	165788	121.956
1	165906	125.764
1	166164	72.6378
1	166584	125.559
1	166722	125.524
1	166835	126.641
1	167108	98.3198
1	167326	98.909
1	167646	129.548
1	167954	127.965
1	168164	126.876
1	168383	123.524
1	168514	130.066
1	168725	125.197
1	168895	122.6
1	169052	126.672
1	169348	127.915
1	169569	89.7036
1	169807	129.553
1	170160	100.124
1	170345	129.431
1	170467	133.636
1	170775	70.3251
1	171082	129.816
1	171386	131.141
1	171609	88.192
1	171925	127.826
1	172030	130.156
1	172404	64.4516
1	172678	122.7
1	172807	130.629
1	172987	122.05
1	173148	126.363
1	173330	129.62
1	173673	134.836
1	173910	130.621
1	174385	124.125
1	174790	127.52
1	175207	132.551
1	175338	124.23
1	175642	62.5378
1	176010	135.837
1	176349	126.738
1	176490	124.9
1	176653	133.643
1	176917	78.718
1	177188	129.075
1	177388	129.981
1	177514	126.474
1	177719	95.772
1	178056	84.8801
1	178592	102.07
1	178914	133.074
1	179199	131.839
1	179524	41.3501
1	179837	76.0887
1	180167	58.2994
1	180485	101.849
1	180710	132.844
1	180826	125.719
1	181075	126.942
1	181230	129.888
1	181413	82.3982
1	181764	130.509
1	181991	87.5547
1	182397	126.565
1	182573	128.307
1	182682	128.602
1	182810	128.835
1	182933	119.609
