chr	center	size
1	504	113.36
1	657	124.284
1	885	124.108
1	1239	127.63
1	1473	124.868
1	1966	122.168
1	2328	103.269
1	2669	117.633
1	3234	125.9
1	3525	123.314
1	3754	117.174
1	3953	81.4546
1	4226	134.928
1	4462	131.849
1	4669	120.996
1	4847	125.253
1	5176	127.106
1	5410	107.846
1	5669	86.3212
1	6036	117.887
1	6268	117.476
1	6594	122.197
1	6956	124.413
1	7337	119.45
1	7530	99.1765
1	7756	136.152
1	8015	97.2914
1	8404	98.5079
1	8678	101.004
1	8990	113.317
1	9287	104.867
1	9625	108.516
1	10010	116.922
1	10407	108.229
1	10668	98.6997
1	10931	106.935
1	11180	109.091
1	11406	122.897
1	11636	123.224
1	11833	128.714
1	12046	116.006
1	12235	121.719
1	12516	114.138
1	12637	122.797
1	12858	134.117
1	13072	125.47
1	13827	99.2395
1	14129	125.056
1	14337	87.6122
1	14564	130.924
1	14822	120.574
1	15039	104.951
1	15264	110.717
1	15472	111.912
1	15748	110.696
1	15915	120.749
1	16108	126.178
1	16289	121.976
1	16523	123.531
1	16829	109.528
1	17120	125.829
1	17341	129.102
1	17686	46.6674
1	18132	106.521
1	18407	109.267
1	18775	111.769
1	19264	128.665
1	19776	131.457
1	20345	105.335
1	20946	98.6119
1	21198	109.744
1	21481	95.8247
1	21747	124.571
1	22193	121.326
1	22346	125.85
1	22805	123.288
1	23299	115.206
1	23686	119.971
1	24187	108.626
1	24876	98.6383
1	25241	113.896
1	25599	120.016
1	25931	118.157
1	26176	89.1342
1	26449	127.016
1	26734	108.023
1	27026	119.872
1	27414	108.507
1	27751	117.877
1	27900	117.754
1	28068	120.033
1	28248	129.415
1	28429	114.318
1	28551	119.656
1	28967	116.514
1	29315	112.107
1	29693	113.84
1	30405	104.894
1	30848	16.9698
1	31231	102.59
1	31581	97.0979
1	31991	128.589
1	32430	114.141
1	32956	110.973
1	33303	110.203
1	33622	110.782
1	33971	98.0711
1	34300	125.938
1	34617	103.952
1	35179	118.167
1	35615	107.306
1	36084	105.691
1	36360	111.634
1	36581	104.322
1	36816	108.467
1	37186	114.275
1	37441	118.663
1	37632	129.13
1	37829	132.483
1	38076	125.463
1	38323	106.739
1	38678	89.5281
1	39021	104.493
1	39472	113.766
1	39822	97.8847
1	40208	77.8559
1	40623	102.926
1	40967	105.033
1	41292	111.849
1	41491	116.625
1	41699	123.212
1	42038	127.641
1	42267	100.944
1	42515	110.426
1	42655	118.064
1	42958	104.816
1	43325	84.3116
1	43622	103.323
1	44140	80.8665
1	44454	106.505
1	44616	108.998
1	44771	32.2468
1	45259	107.933
1	45555	119.86
1	45836	119.122
1	46074	132.477
1	46358	113.996
1	46552	114.683
1	46807	114.702
1	47370	123.368
1	48027	121.727
1	48594	107.319
1	49022	122.63
1	49398	76.4306
1	49745	131.229
1	49962	124.174
1	50222	119.748
1	50424	118.154
1	50811	110.86
1	51419	74.8039
1	51815	136.468
1	52203	125.937
1	52740	126.253
1	53176	93.5944
1	53442	114.872
1	53678	122.758
1	53933	124.655
1	54134	123.943
1	54406	103.847
1	54807	99.5126
1	55221	94.0492
1	55537	94.7168
1	55842	127.283
1	56084	127.998
1	56274	113.596
1	56690	118.992
1	57120	120.746
1	57496	113.441
1	57813	128.112
1	58080	103.804
1	58346	124.704
1	58658	126.748
1	58884	117.295
1	59020	100.789
1	59131	117.813
1	59463	99.0006
1	59765	124.743
1	60026	132.163
1	60288	126.952
1	60478	112.923
1	60695	110.88
1	60878	116.859
1	61104	107.961
1	61342	100.894
1	61687	106.922
1	62158	114.849
1	62642	128.291
1	62971	74.7202
1	63303	87.1053
1	63701	114.121
1	64318	104.945
1	64821	103.638
1	65186	107.453
1	65559	112.374
1	65883	105.072
1	66131	117.493
1	66439	90.7056
1	66735	91.8636
1	67065	106.04
1	67364	124.866
1	67641	91.4095
1	67916	98.8326
1	68357	102.821
1	68626	104.597
1	68913	129.268
1	69152	127.608
1	69470	111.072
1	69848	101.122
1	70259	112.178
1	70846	105.983
1	71299	108.091
1	71675	112.54
1	72084	114.014
1	72472	112.556
1	72788	105.559
1	73115	88.7857
1	73401	116.848
1	73574	119.772
1	73762	123.436
1	74010	124.357
1	74282	114.503
1	74633	101.622
1	74904	126.534
1	75165	106.447
1	75440	125.137
1	75637	118.376
1	75832	116.742
1	76075	122.326
1	76215	118.133
1	76460	119.893
1	76697	120.996
1	76995	110.144
1	77299	109.149
1	77595	117.946
1	77834	113.266
1	78148	111.506
1	78533	120.427
1	78876	99.4852
1	79201	107.663
1	79539	126.474
1	79769	118.549
1	80065	112.718
1	80293	118.685
1	80745	128.44
1	80923	120.14
1	81235	122.964
1	81652	120.182
1	81856	125.575
1	82187	110.888
1	82484	113.714
1	82793	93.4295
1	83137	131.722
1	83373	120.718
1	83543	125.177
1	83757	117.021
1	84025	116.197
1	84282	106.016
1	84603	118.742
1	84795	125.324
1	85044	101.259
1	85291	122.382
1	85488	122.325
1	85657	106.53
1	85900	107.548
1	86282	120.3
1	86665	112.486
1	87162	103.104
1	87504	126.569
1	87901	111.828
1	88266	97.0902
1	88566	119.72
1	88758	111.965
1	88945	98.9624
1	89192	109.835
1	89422	124.736
1	89539	109.159
1	89735	110.762
1	90014	130.008
1	90252	118.31
1	90431	120.539
1	90674	115.097
1	90778	110.274
1	91020	104.884
1	91300	106.765
1	91547	120.107
1	91760	113.755
1	91986	98.1884
1	92535	112.845
1	92706	114.245
1	93004	106.323
1	93226	115.823
1	93501	127.637
1	93736	109.527
1	93907	124.225
1	94305	120.309
1	94502	106.579
1	94876	124.776
1	95091	133.42
1	95614	113.491
1	96092	111.669
1	96543	134.36
1	96885	123.321
1	97136	124.035
1	97428	126.712
1	97779	109.2
1	98010	126.838
1	98441	95.2413
1	98859	114.514
1	99190	84.5493
1	99457	118.964
1	99721	122.327
1	100006	104.292
1	100354	117.942
1	100448	111.483
1	100663	128.881
1	100909	105.962
1	101157	99.0641
1	101569	124.805
1	101848	108.641
1	102138	124.783
1	102292	124.204
1	102591	117.127
1	102720	123.977
1	103030	109.257
1	103341	105.327
1	103645	95.2057
1	104117	121.697
1	104254	121.089
1	104525	113.253
1	104675	119.725
1	104987	117.331
1	105099	118.535
1	105364	96.3778
1	105609	117.209
1	105930	92.4494
1	106228	116.776
1	106357	124.89
1	106674	122.618
1	106859	123.638
1	107128	123.023
1	107265	123.554
1	107589	120.047
1	107798	123.559
1	108233	125.332
1	108563	72.8815
1	108896	117.952
1	109239	127.339
1	109382	113.068
1	109703	89.8041
1	110009	127.716
1	110427	117.971
1	110690	118.83
1	111118	102.072
1	111439	79.3399
1	111768	98.9399
1	112051	126.143
1	112331	116.65
1	112789	122.994
1	112915	116.972
1	113151	109.48
1	113358	127.601
1	113700	70.5167
1	114200	103.279
1	114641	124.943
1	114936	127.311
1	115184	122.093
1	115433	102.569
1	115730	105.178
1	115992	111.522
1	116261	106.593
1	116621	106.845
1	116953	92.4542
1	117238	119.005
1	117367	115.155
1	117557	123.978
1	117761	117.146
1	117937	130.92
1	118141	120.308
1	118329	121.7
1	118551	108.114
1	118823	106.402
1	118998	110.826
1	119278	127.533
1	119600	118.299
1	119858	98.5808
1	120171	115.854
1	120427	99.5391
1	120684	122.5
1	120889	124.148
1	121181	109.772
1	121329	120.887
1	121512	130.361
1	121763	102.622
1	122066	67.2954
1	122424	115.768
1	122791	111.947
1	123128	99.8274
1	123476	93.6071
1	123793	80.2199
1	124159	105.152
1	124751	122.73
1	125136	65.1025
1	125529	96.9932
1	125937	121.225
1	126386	109.82
1	126827	112.328
1	127372	107.916
1	127878	114.169
1	128205	98.2346
1	128643	93.9888
1	128971	109.796
1	129273	92.7666
1	129759	115.001
1	129944	115.443
1	130164	108.166
1	130445	104.538
1	130751	123.267
1	131144	116.191
1	131811	104.232
1	132349	118.308
1	132836	119.223
1	133251	114.726
1	133670	116.736
1	134078	116.58
1	134243	110.089
1	134450	124.164
1	134743	96.6552
1	135079	125.61
1	135308	118.766
1	135589	108.319
1	135878	129.433
1	136223	124.662
1	136391	122.098
1	136624	113.589
1	136908	104.484
1	137289	110.117
1	137706	112.99
1	138002	70.312
1	138324	128.579
1	138695	114.221
1	139120	59.4457
1	139486	86.3216
1	139800	102.564
1	140081	122.848
1	140299	124.179
1	140443	120.852
1	140717	120.724
1	140844	119.775
1	141062	126.649
1	141289	107.777
1	141713	114.225
1	142047	133.368
1	142484	103.699
1	142858	109.033
1	143379	122.43
1	143692	111.521
1	143894	118.328
1	144594	122.047
1	145046	102.41
1	145322	109.25
1	145645	102.607
1	145966	124.17
1	146213	116.93
1	146503	112.656
1	146628	116.569
1	146866	129.935
1	147112	120.164
1	147410	100.324
1	147656	120.658
1	147770	77.2145
1	147882	113.095
1	148098	120.231
1	148214	116.734
1	148399	117.892
1	148807	85.0274
1	149210	128.273
1	149412	125.563
1	149559	107.951
1	149853	107.494
1	150186	109.691
1	150367	113.373
1	150667	107.212
1	150997	98.1714
1	151265	113.617
1	151504	120.671
1	151765	104.165
1	152048	127.605
1	152182	130.34
1	152377	122.688
1	152583	115.663
1	152844	128.436
1	153239	84.1622
1	153562	91.9611
1	153947	113.729
1	154196	126.628
1	154337	127.941
1	154597	117.901
1	154997	106.886
1	155239	95.8998
1	155479	118.377
1	155742	121.607
1	155895	116.412
1	156122	120.045
1	156336	131.403
1	156598	99.8559
1	157048	109.275
1	157381	112.747
1	157786	81.055
1	158184	99.2634
1	158765	109.555
1	159316	107.803
1	159757	101.055
1	160123	105.844
1	160505	130.554
1	160820	119.164
1	160981	120.695
1	161274	126.578
1	161414	123.789
1	161549	120.722
1	161843	92.7552
1	162071	117.678
1	162349	120.043
1	162567	116.591
1	162744	122.247
1	163041	122.69
1	163235	125.592
1	163430	128.675
1	163676	119.957
1	163955	120.862
1	164196	105.991
1	164459	124.447
1	164764	118.625
1	165023	109.736
1	165245	118.022
1	165567	115.619
1	165816	110.983
1	166081	125.264
1	166248	115.034
1	166602	113.809
1	166793	106.873
1	167105	107.916
1	167333	105.996
1	167648	122.554
1	167960	130.914
1	168160	120.089
1	168389	127.099
1	168520	116.275
1	168729	125.752
1	168904	126.095
1	169058	121.457
1	169356	126.146
1	169583	105.454
1	169801	130.405
1	170149	104.241
1	170336	109.121
1	170478	129.742
1	170705	117.874
1	170856	115.932
1	171077	125.083
1	171378	120.208
1	171569	112.339
1	171725	109.878
1	171984	110.019
1	172307	135.165
1	172474	126.106
1	172751	105.841
1	173034	94.0025
1	173305	132.182
1	173689	131.418
1	173855	105.748
1	174249	123.347
1	174729	100.197
1	175263	111.129
1	175644	91.6216
1	176010	124.071
1	176146	151
1	176358	115.185
1	176588	95.4215
1	176898	104.298
1	177171	107.841
1	177460	108.401
1	177746	102.368
1	178058	98.4787
1	178593	123.839
1	178909	124.688
1	179318	52.2563
1	179749	127.835
1	180117	114.567
1	180489	115.555
1	180768	113.862
1	181138	98.7518
1	181402	101.41
1	181768	121.981
1	181928	117.35
1	182053	125.55
1	182403	119.616
1	182677	114.826
