chr	center	size
1	421	119.871
1	651	139.86
1	890	111.763
1	1252	127.389
1	1478	118.378
1	1759	126.6
1	2033	110.206
1	2225	126.901
1	2396	122.234
1	2534	124.055
1	2731	115.092
1	3237	134.663
1	3516	123.703
1	3730	124.873
1	3868	121.882
1	4021	124.153
1	4229	123.29
1	4449	133.569
1	4672	128.621
1	4843	129.113
1	5175	110.808
1	5413	102.1
1	5713	94.5793
1	6003	124.588
1	6212	110.466
1	6532	93.9514
1	6836	85.6839
1	7068	122.623
1	7398	102.789
1	7679	90.7968
1	8020	100.308
1	8339	122.56
1	8529	106.833
1	8762	102.752
1	8992	112.795
1	9243	132.696
1	9532	107.312
1	9714	120.981
1	10005	114.614
1	10348	123.537
1	10482	119.637
1	10603	122.697
1	10786	120.987
1	10955	145.013
1	11143	121.754
1	11281	126.949
1	11414	120.805
1	11499	87.6651
1	11637	119.377
1	11829	125.207
1	12110	64.9227
1	12524	118.559
1	12651	118.103
1	12847	117.523
1	13075	112.879
1	13722	112.944
1	13869	110.707
1	14125	127.885
1	14334	82.0961
1	14543	108.818
1	14814	123.875
1	15084	92.0123
1	15375	52.7396
1	15750	127.244
1	15923	121.261
1	16116	131.417
1	16293	130.677
1	16526	127.705
1	16842	104.918
1	17177	85.5706
1	17550	147.245
1	17783	124.48
1	18088	121.728
1	18239	106.952
1	18522	128.425
1	18695	111.476
1	18880	126.989
1	19085	130.32
1	19238	115.973
1	19483	113.254
1	19725	114.979
1	20126	121.337
1	20475	84.9597
1	20900	125.731
1	21084	98.0223
1	21246	117.165
1	21402	121.684
1	21539	121.573
1	21756	118.869
1	22201	129.082
1	22346	121.019
1	22637	115.873
1	22849	99.4638
1	23144	120.17
1	23383	98.7996
1	23672	103.098
1	24007	88.8325
1	24264	88.7899
1	24764	124.745
1	25033	100.447
1	25293	90.7541
1	25596	126.679
1	25911	97.2021
1	26135	94.2578
1	26445	132.968
1	26687	134.326
1	26929	92.5375
1	27205	132.826
1	27451	123.767
1	27748	125.604
1	27904	123.256
1	28080	122.637
1	28252	134.513
1	28469	94.4891
1	28966	119.233
1	29309	122.703
1	29683	114.073
1	30303	132.627
1	30492	130.339
1	30689	128.736
1	30951	127.676
1	31132	142.454
1	31228	76.8425
1	31326	123.057
1	31569	101.792
1	31989	127.128
1	32428	96.7874
1	32862	125.166
1	33079	101.034
1	33347	117.922
1	33570	107.998
1	33797	98.3681
1	34050	123.078
1	34407	77.2842
1	34663	71.5047
1	35023	130.745
1	35238	100.575
1	35478	119.879
1	35662	95.7009
1	36017	136.476
1	36149	130.244
1	36381	108.639
1	36610	117.365
1	36844	120.633
1	37155	138.711
1	37400	62.9962
1	37641	128.045
1	37840	131.983
1	38069	128.286
1	38315	105.155
1	38669	102.325
1	38913	133.619
1	39081	124.426
1	39306	123.264
1	39580	94.9084
1	39769	126.13
1	39996	115.178
1	40131	119.333
1	40322	127.595
1	40632	102.792
1	40965	87.517
1	41246	126.264
1	41381	123.143
1	41518	120.883
1	41690	121.163
1	42151	49.6054
1	42293	111
1	42533	116.23
1	42997	133.879
1	43265	108.536
1	43405	133.541
1	43633	99.1182
1	44181	128.939
1	44483	98.643
1	44916	137.54
1	45263	130.371
1	45555	118.54
1	45846	132.982
1	46070	117.519
1	46353	125.513
1	46538	120.251
1	46800	102.861
1	47373	115.653
1	47960	111.459
1	48193	126.347
1	48514	110.074
1	48783	91.9603
1	49005	122.76
1	49249	101.935
1	49478	136.952
1	49744	125.227
1	49958	132.689
1	50248	98.0745
1	50408	107.036
1	50627	116.427
1	50796	103.564
1	50961	121.21
1	51244	118.591
1	51544	111.271
1	51820	125.11
1	52084	118.124
1	52421	100.449
1	52744	126.24
1	52871	120.658
1	53118	120.312
1	53257	123.482
1	53428	120.767
1	53643	111.907
1	53937	127.505
1	54201	82.846
1	54449	119.745
1	54711	139.031
1	54883	114.148
1	55126	127.772
1	55365	96.4101
1	55595	123.186
1	55834	134.194
1	56215	92.2783
1	56666	111.254
1	56911	130.693
1	57182	127.257
1	57438	101.434
1	57616	116.266
1	57813	121.823
1	58081	72.8127
1	58346	118.253
1	58658	117.91
1	59002	114.991
1	59384	119.475
1	59544	124.559
1	59761	122
1	60017	126.023
1	60290	129.436
1	60486	121.062
1	60683	131.294
1	60810	111.439
1	61010	82.5832
1	61286	106.068
1	61550	117.739
1	61729	108.905
1	62087	106.703
1	62290	124.324
1	62637	123.943
1	62897	125.47
1	63095	127.161
1	63219	127.866
1	63407	120.444
1	63606	117.426
1	63805	125.544
1	64095	120.286
1	64228	128.833
1	64367	129.205
1	64604	104.989
1	64872	94.0967
1	65109	129.012
1	65340	117.26
1	65551	124.121
1	65885	91.9726
1	66137	133.229
1	66407	78.5568
1	66728	64.8542
1	67084	110.371
1	67468	69.2625
1	67867	120.31
1	68383	90.284
1	68652	100.45
1	68934	126.769
1	69129	117.351
1	69387	91.5585
1	69577	124.143
1	69703	124.307
1	69914	121.72
1	70066	112.133
1	70245	139.625
1	70422	118.868
1	70706	118.42
1	70821	122.129
1	70995	99.29
1	71265	115.184
1	71364	124.126
1	71569	119.715
1	71758	98.9278
1	72080	124.912
1	72429	110.838
1	72748	107.346
1	73114	69.2539
1	73394	120.832
1	73576	131.194
1	73751	128.296
1	73990	136.74
1	74276	109.521
1	74583	129.161
1	74721	120.886
1	74922	139.148
1	75102	125.685
1	75218	125.392
1	75513	55.1919
1	75850	133.626
1	76080	124.5
1	76212	127.164
1	76464	125.023
1	76872	47.1447
1	77242	137.267
1	77738	104.744
1	78118	121.591
1	78529	113.642
1	78871	78.7232
1	79165	120.567
1	79276	129.587
1	79688	55.4344
1	80134	127.271
1	80741	131.618
1	80922	127.475
1	81237	122.898
1	81737	49.4329
1	82185	100.776
1	82347	116.053
1	82552	94.4833
1	82838	123.834
1	83160	132.757
1	83321	113.956
1	83522	104.901
1	83763	117.236
1	84033	102.445
1	84319	105.196
1	84591	128.503
1	84857	76.458
1	85201	65.2627
1	85555	107.42
1	85846	125.269
1	86200	85.1775
1	86485	94.3496
1	86776	84.2664
1	87044	120.695
1	87260	112.016
1	87502	123.829
1	87692	125.536
1	87930	105.747
1	88171	121.198
1	88344	120.688
1	88575	132.221
1	88809	107.75
1	89027	107.417
1	89222	115.593
1	89412	123.624
1	89576	129.804
1	89891	39.8112
1	90218	123.659
1	90435	118.97
1	90735	110.716
1	91046	86.97
1	91379	112.097
1	91838	84.3009
1	92038	115.166
1	92492	136.006
1	92751	132.931
1	93057	107.018
1	93190	78.3495
1	93482	126.183
1	93776	118.824
1	94284	132.164
1	94454	120.936
1	94557	115.767
1	94999	62.8388
1	95515	101.025
1	95754	109.591
1	95987	107.971
1	96232	111.336
1	96548	123.716
1	97003	43.3648
1	97396	130.453
1	97615	134.158
1	97812	124.291
1	98009	125.155
1	98351	132.062
1	98489	120.21
1	98777	103.111
1	99031	105.825
1	99257	130.516
1	99451	124.46
1	99716	118.355
1	99920	141.22
1	100076	141.252
1	100400	104.361
1	100679	129.462
1	100862	118.581
1	101041	119.119
1	101251	119.824
1	101559	116.784
1	101848	79.3713
1	102221	71.5491
1	102656	104.293
1	102979	107.504
1	103165	118.976
1	103485	64.5192
1	103730	124.926
1	104194	95.096
1	104641	94.6015
1	105000	115.598
1	105113	115.433
1	105284	120.212
1	105453	122.613
1	105622	130.974
1	105856	119.478
1	106037	126.897
1	106248	137.759
1	106364	113.844
1	106682	132.891
1	106860	132.991
1	107193	101.33
1	107577	116.988
1	107802	119.451
1	108236	122.432
1	108473	118.696
1	108667	123.055
1	108901	119.489
1	109264	109.358
1	109401	118.066
1	109614	120.281
1	109809	126.094
1	110014	123.477
1	110407	104.388
1	110689	101.18
1	111058	128.804
1	111291	112.97
1	111523	128.464
1	111711	125.351
1	111848	130.013
1	112059	134.132
1	112220	115.044
1	112393	90.5625
1	112778	114.23
1	112909	136.225
1	113148	113.848
1	113354	117.178
1	113581	117.507
1	113795	123.706
1	114141	126.719
1	114281	120.983
1	115358	124.682
1	115837	122.072
1	116199	115.772
1	116628	109.404
1	116944	66.3148
1	117245	115.008
1	117352	120.671
1	117553	121.217
1	117779	132.113
1	117958	114.996
1	118133	122.589
1	118269	120.725
1	118401	83.4503
1	118615	128.66
1	118902	122.804
1	119235	136.716
1	119585	124.809
1	119830	101.384
1	120226	113.415
1	120625	102.658
1	120864	123.138
1	121100	118.046
1	121213	112.677
1	121333	119.814
1	121513	129.695
1	121690	124.904
1	121893	88.2406
1	122212	129.338
1	122458	119.836
1	122728	99.9009
1	122920	122.773
1	123184	105.821
1	123457	85.7042
1	123786	60.1434
1	124091	117.63
1	124218	126.738
1	124705	82.693
1	124916	112.791
1	125048	126.119
1	125272	125.669
1	125541	100.797
1	125890	110.5
1	126028	109.956
1	126254	123.209
1	126531	106.137
1	126848	116.737
1	126952	121.695
1	127376	101.246
1	127774	119.493
1	127940	92.3802
1	128135	119.988
1	128299	117.294
1	128569	126.846
1	128734	118.499
1	128892	114.473
1	129036	128.377
1	129210	130.207
1	129354	131.464
1	129760	103.067
1	129936	128.343
1	130174	115.607
1	130477	129.177
1	130753	133.384
1	131149	118.681
1	131582	127.808
1	131867	116.408
1	132165	114.435
1	132353	115.306
1	132470	129.106
1	132696	116.295
1	132860	130.502
1	133135	98.7667
1	133415	91.204
1	133714	116.317
1	134128	111.801
1	134408	96.6639
1	134733	106.603
1	135092	119.72
1	135302	142.238
1	135566	108.594
1	135886	123.821
1	136295	73.6722
1	136632	119.265
1	136899	101.157
1	137167	122.514
1	137320	106.531
1	137438	117.659
1	137606	130.338
1	137823	106.882
1	138089	124.314
1	138321	118.365
1	138627	119.013
1	138937	93.8254
1	139321	95.4417
1	139575	123.642
1	139792	93.434
1	140082	124.81
1	140305	123.282
1	140440	134.094
1	140711	125.652
1	140851	126.31
1	141144	71.0706
1	141341	124.236
1	141575	131.975
1	141720	132.449
1	141820	124.788
1	142052	129.33
1	142327	123.352
1	142544	113.943
1	142774	79.5677
1	143017	129.018
1	143391	124.1
1	143718	98.7249
1	143905	131.258
1	144413	126.503
1	144651	106.864
1	144970	127.075
1	145125	122.001
1	145322	97.197
1	145644	95.9026
1	145974	121.682
1	146198	106.687
1	146554	105.3
1	146868	106.247
1	147113	123.876
1	147386	102.804
1	147672	132.6
1	147876	118.17
1	148045	151.112
1	148174	105.084
1	148378	133.696
1	148717	128.411
1	148885	133.258
1	149211	125.815
1	149506	88.8092
1	149793	116.554
1	149920	126.14
1	150219	98.2852
1	150394	119.217
1	150648	82.2824
1	150983	102.611
1	151242	114.202
1	151472	104.321
1	151782	72.7022
1	152052	112.016
1	152160	130.178
1	152375	131.407
1	152575	125.526
1	152837	129.592
1	153154	120.845
1	153419	92.3856
1	153654	130.748
1	153888	132.407
1	154021	130.46
1	154209	124.728
1	154351	117.921
1	154611	94.1681
1	154912	127.727
1	155116	121.589
1	155450	94.3682
1	155737	131.119
1	155901	123.591
1	156246	61.1802
1	156576	94.4693
1	157043	109.1
1	157282	115.474
1	157467	111.855
1	157678	127.678
1	157861	125.963
1	158089	116.621
1	158237	123.242
1	158547	130.641
1	158717	83.2784
1	159028	110.838
1	159310	109.106
1	159492	110.365
1	159747	103.061
1	160041	73.3588
1	160196	122.463
1	160507	119.636
1	160815	121.478
1	160983	136.879
1	161352	91.2311
1	161547	116.773
1	161748	120.417
1	161904	121.032
1	162076	139.927
1	162342	125.713
1	162666	65.0146
1	163047	130.991
1	163244	131.771
1	163426	126.172
1	163669	124.818
1	163941	130.566
1	164181	99.0321
1	164449	128.509
1	164722	87.8997
1	164878	122.48
1	165096	85.2912
1	165592	87.7913
1	165835	103.669
1	166104	121.43
1	166263	111.608
1	166725	125.702
1	167187	105.922
1	167565	46.9425
1	167964	127.288
1	168163	132.547
1	168384	129.949
1	168511	122.444
1	168723	121.129
1	168978	89.2143
1	169419	72.6544
1	169686	77.5873
1	170168	122.51
1	170401	91.6802
1	170790	87.6043
1	171082	127.644
1	171411	106.043
1	171645	97.2061
1	172011	115.509
1	172283	109.547
1	172453	116.792
1	172749	104.946
1	173021	109.278
1	173289	113.739
1	173687	133.727
1	173918	134.454
1	174307	91.6358
1	174551	95.207
1	174833	112.305
1	175278	112.082
1	175647	81.8203
1	176003	129.086
1	176360	126.621
1	176491	110.345
1	176656	130.789
1	176853	108.428
1	176985	127.934
1	177186	114.549
1	177445	98.5688
1	177684	127.049
1	177899	127.631
1	178012	115.858
1	178167	112.646
1	178589	109.046
1	178905	129.661
1	179200	123.003
1	179422	122.268
1	179604	128.051
1	179872	109.079
1	180082	135.638
1	180246	123.447
1	180487	134.703
1	180722	105.868
1	180825	130.093
1	181090	141.923
1	181231	111.161
1	181410	89.1825
1	181764	123.404
1	181953	111.999
1	182094	102.9
1	182361	149.954
1	182609	108.273
1	182854	110.603
