chr	center	width
1	189	104
1	371	139
1	449	149
1	644	136
1	888	160
1	1218	108
1	1441	143
1	1758	145
1	1843	151
1	2052	160
1	2149	109
1	2244	107
1	2330	117
1	2402	138
1	2546	146
1	2629	101
1	2752	143
1	3270	144
1	3458	115
1	3530	128
1	3746	101
1	3871	143
1	3944	132
1	4054	120
1	4215	153
1	4298	101
1	4428	159
1	4530	105
1	4651	112
1	4838	148
1	4930	130
1	5118	118
1	5206	156
1	5300	143
1	5394	120
1	5454	100
1	5586	147
1	5708	128
1	5788	152
1	6019	153
1	6158	128
1	6307	115
1	6474	123
1	6595	146
1	6668	145
1	6770	104
1	6857	157
1	6949	101
1	7052	139
1	7294	138
1	7375	156
1	7506	109
1	7617	115
1	7748	126
1	7830	120
1	7932	127
1	8014	142
1	8108	144
1	8283	129
1	8364	157
1	8488	115
1	8608	146
1	8702	110
1	8824	141
1	8900	150
1	8992	130
1	9059	115
1	9282	100
1	9492	149
1	9616	120
1	9713	109
1	10000	146
1	10331	138
1	10490	117
1	10618	127
1	10767	142
1	10844	134
1	10912	112
1	10971	110
1	11124	100
1	11224	154
1	11304	155
1	11407	100
1	11475	100
1	11561	119
1	11651	121
1	11858	101
1	12015	113
1	12182	139
1	12260	108
1	12519	125
1	12592	144
1	12676	116
1	12861	105
1	13054	129
1	13701	132
1	13786	146
1	13905	134
1	14065	148
1	14146	138
1	14256	118
1	14366	111
1	14442	151
1	14528	128
1	14602	108
1	14823	146
1	14965	101
1	15047	132
1	15125	122
1	15207	118
1	15320	122
1	15470	156
1	15698	152
1	15782	157
1	15934	152
1	16050	131
1	16124	120
1	16272	153
1	16351	156
1	16515	133
1	16720	108
1	16842	137
1	16915	136
1	17110	133
1	17314	117
1	17504	116
1	17568	121
1	17740	149
1	17847	158
1	18052	124
1	18122	108
1	18207	100
1	18356	160
1	18437	107
1	18542	105
1	18642	160
1	18737	117
1	18850	153
1	18930	101
1	19046	159
1	19196	123
1	19414	152
1	19495	160
1	19624	140
1	19766	120
1	19993	142
1	20064	101
1	20133	117
1	20264	102
1	20374	141
1	20448	122
1	20546	140
1	20904	119
1	21035	146
1	21122	110
1	21197	151
1	21290	151
1	21386	156
1	21548	103
1	21763	122
1	22149	108
1	22228	142
1	22341	149
1	22655	159
1	22788	158
1	22926	157
1	23148	150
1	23282	152
1	23366	158
1	23479	115
1	23563	134
1	23632	118
1	23759	154
1	23929	158
1	24032	145
1	24130	116
1	24204	144
1	24317	150
1	24735	108
1	24816	110
1	24967	141
1	25058	123
1	25190	117
1	25278	133
1	25380	115
1	25598	105
1	25877	154
1	25962	132
1	26055	131
1	26131	147
1	26256	116
1	26418	142
1	26652	106
1	26722	112
1	26824	154
1	26909	136
1	27001	132
1	27083	114
1	27185	135
1	27253	107
1	27446	102
1	27517	121
1	27754	147
1	27835	103
1	27955	131
1	28042	143
1	28283	105
1	28352	121
1	28438	112
1	28514	109
1	28861	101
1	28999	109
1	29132	146
1	29217	147
1	29306	110
1	29433	127
1	29565	144
1	29706	160
1	29801	111
1	30307	102
1	30384	110
1	30504	146
1	30680	151
1	30952	124
1	31020	127
1	31168	117
1	31263	119
1	31326	119
1	31518	143
1	31625	141
1	31977	154
1	32327	111
1	32444	132
1	32541	153
1	32858	150
1	32938	102
1	33054	133
1	33126	138
1	33197	105
1	33277	159
1	33383	113
1	33468	125
1	33594	160
1	33714	138
1	33792	119
1	33871	122
1	33942	104
1	34051	124
1	34137	138
1	34346	113
1	34413	103
1	34496	152
1	34600	141
1	34732	115
1	34845	132
1	34989	130
1	35061	120
1	35142	120
1	35234	139
1	35304	102
1	35374	136
1	35444	138
1	35520	143
1	35620	116
1	35728	152
1	36003	159
1	36169	160
1	36255	100
1	36317	114
1	36383	127
1	36470	110
1	36562	151
1	36713	145
1	36800	125
1	36873	122
1	37191	160
1	37281	160
1	37385	107
1	37463	153
1	37557	106
1	37640	133
1	37725	130
1	37826	127
1	38024	105
1	38110	140
1	38229	137
1	38310	154
1	38393	122
1	38533	128
1	38612	137
1	38742	160
1	38937	153
1	39050	136
1	39135	137
1	39302	115
1	39517	129
1	39642	143
1	39740	123
1	39819	134
1	39991	121
1	40110	138
1	40252	113
1	40333	147
1	40499	103
1	40566	121
1	40668	111
1	40749	152
1	40871	120
1	40991	115
1	41084	132
1	41193	124
1	41277	114
1	41366	113
1	41453	122
1	41519	110
1	41610	106
1	41686	147
1	42010	155
1	42098	129
1	42239	154
1	42357	155
1	42575	155
1	42667	144
1	42739	112
1	42829	138
1	42902	109
1	42983	112
1	43230	148
1	43376	112
1	43454	130
1	43559	137
1	43705	139
1	43937	114
1	44018	160
1	44193	108
1	44310	147
1	44393	119
1	44527	113
1	44623	113
1	44950	129
1	45221	124
1	45321	146
1	45568	142
1	45864	135
1	46089	122
1	46312	145
1	46397	158
1	46497	100
1	46595	156
1	46674	113
1	46747	144
1	46842	101
1	47364	129
1	47860	139
1	47947	122
1	48051	117
1	48182	137
1	48452	116
1	48526	124
1	48626	110
1	48708	110
1	48827	152
1	48930	108
1	49028	116
1	49106	113
1	49178	127
1	49317	128
1	49495	136
1	49716	150
1	49954	150
1	50187	114
1	50258	103
1	50366	119
1	50443	108
1	50651	114
1	50783	160
1	50887	105
1	50963	112
1	51239	111
1	51473	115
1	51544	127
1	51616	112
1	51859	109
1	51957	144
1	52066	114
1	52140	100
1	52208	118
1	52380	155
1	52515	102
1	52703	151
1	52784	117
1	52903	117
1	53093	128
1	53169	143
1	53280	149
1	53410	152
1	53500	143
1	53638	143
1	53919	134
1	54110	133
1	54240	136
1	54335	143
1	54442	150
1	54530	121
1	54683	103
1	54752	130
1	54821	123
1	54909	136
1	55127	113
1	55273	120
1	55380	106
1	55449	105
1	55532	152
1	55615	151
1	55857	121
1	56032	147
1	56125	137
1	56203	122
1	56309	107
1	56582	142
1	56720	139
1	56868	130
1	56950	105
1	57169	107
1	57366	144
1	57455	132
1	57546	119
1	57621	122
1	57841	145
1	57917	112
1	57987	140
1	58104	110
1	58333	123
1	58397	100
1	58631	153
1	58708	134
1	58814	106
1	58870	109
1	58969	145
1	59045	133
1	59135	110
1	59396	151
1	59536	105
1	59763	139
1	59848	108
1	60052	144
1	60310	121
1	60501	104
1	60727	154
1	60813	137
1	60893	155
1	61028	141
1	61170	101
1	61263	141
1	61379	110
1	61525	123
1	61601	132
1	61676	119
1	61786	103
1	61861	124
1	62018	141
1	62148	150
1	62303	127
1	62637	139
1	62881	144
1	62975	139
1	63106	102
1	63238	119
1	63332	114
1	63425	109
1	63535	115
1	63605	131
1	63703	119
1	63784	126
1	63879	141
1	64086	151
1	64163	152
1	64244	132
1	64366	140
1	64499	152
1	64612	121
1	64711	118
1	64836	146
1	64933	108
1	65020	125
1	65107	113
1	65176	107
1	65291	148
1	65370	144
1	65503	108
1	65585	106
1	65704	127
1	65819	156
1	65959	133
1	66120	120
1	66187	119
1	66321	107
1	66468	141
1	66554	105
1	66634	109
1	66796	152
1	67013	158
1	67094	106
1	67162	114
1	67366	139
1	67521	125
1	67593	110
1	67720	132
1	67814	105
1	67901	118
1	67986	127
1	68053	111
1	68329	105
1	68457	108
1	68528	101
1	68598	100
1	68673	121
1	68951	138
1	69020	117
1	69125	157
1	69303	142
1	69387	143
1	69468	116
1	69558	127
1	69628	112
1	69719	126
1	69857	115
1	69996	153
1	70074	131
1	70231	109
1	70445	154
1	70614	149
1	70713	105
1	70784	112
1	70849	130
1	70939	108
1	71029	142
1	71272	117
1	71343	111
1	71480	114
1	71557	112
1	71645	139
1	71725	114
1	71782	108
1	72042	160
1	72134	136
1	72362	116
1	72422	102
1	72517	113
1	72615	104
1	72753	147
1	72875	151
1	72955	136
1	73034	128
1	73220	115
1	73292	122
1	73380	104
1	73455	109
1	73530	136
1	73762	139
1	73997	146
1	74092	100
1	74261	151
1	74576	100
1	74642	112
1	74725	148
1	74819	117
1	74930	147
1	75005	148
1	75081	128
1	75228	149
1	75438	148
1	75631	134
1	75770	112
1	75848	138
1	76072	148
1	76150	146
1	76230	146
1	76399	121
1	76497	139
1	76687	111
1	76751	107
1	76919	108
1	76992	145
1	77073	152
1	77233	116
1	77375	116
1	77515	127
1	77592	126
1	77669	125
1	77758	121
1	77820	105
1	77943	148
1	78078	143
1	78158	157
1	78246	130
1	78327	135
1	78443	131
1	78512	114
1	78605	110
1	78757	134
1	78857	146
1	78934	124
1	79019	101
1	79111	144
1	79227	156
1	79559	135
1	79757	133
1	80064	107
1	80126	109
1	80229	103
1	80314	145
1	80743	140
1	80839	105
1	80913	133
1	81202	121
1	81655	125
1	81872	100
1	82071	101
1	82218	120
1	82370	149
1	82455	159
1	82545	154
1	82652	156
1	82844	125
1	83119	103
1	83359	142
1	83442	152
1	83559	119
1	83723	155
1	83810	142
1	83908	104
1	83980	133
1	84097	126
1	84190	143
1	84276	156
1	84354	116
1	84532	128
1	84611	106
1	84716	118
1	84779	122
1	84912	156
1	85097	159
1	85238	106
1	85309	134
1	85488	127
1	85592	146
1	85726	149
1	85801	134
1	85878	110
1	85965	151
1	86112	154
1	86233	136
1	86316	112
1	86397	111
1	86538	122
1	86611	119
1	86695	147
1	86828	119
1	87044	156
1	87142	141
1	87243	131
1	87311	102
1	87401	107
1	87509	145
1	87720	148
1	87813	122
1	87887	118
1	87962	101
1	88026	122
1	88141	140
1	88221	106
1	88349	143
1	88598	113
1	88741	131
1	88813	109
1	88870	102
1	88974	129
1	89104	149
1	89205	154
1	89308	103
1	89392	155
1	89474	122
1	89550	110
1	89628	115
1	89809	137
1	89944	136
1	90018	138
1	90143	143
1	90218	105
1	90451	149
1	90677	136
1	90774	156
1	90860	122
1	91009	105
1	91179	105
1	91247	107
1	91398	152
1	91509	103
1	91571	113
1	91717	102
1	91804	128
1	91879	143
1	91973	129
1	92046	119
1	92519	113
1	92596	105
1	92710	158
1	92799	144
1	92949	117
1	93022	111
1	93104	160
1	93267	136
1	93459	139
1	93544	122
1	93698	153
1	93803	121
1	93869	104
1	93955	103
1	94282	122
1	94459	118
1	94535	151
1	94612	110
1	94846	153
1	95062	100
1	95137	128
1	95388	115
1	95473	146
1	95614	137
1	95744	104
1	95822	118
1	95974	127
1	96124	135
1	96233	158
1	96518	134
1	96914	144
1	97146	157
1	97369	151
1	97454	113
1	97561	133
1	97642	100
1	97702	121
1	97845	152
1	97992	141
1	98314	140
1	98439	146
1	98521	140
1	98665	119
1	98747	143
1	98861	159
1	99013	133
1	99080	119
1	99277	133
1	99481	141
1	99725	142
1	99869	122
1	99962	160
1	100051	157
1	100294	130
1	100367	125
1	100463	114
1	100540	106
1	100679	149
1	100822	134
1	100942	122
1	101089	136
1	101158	122
1	101286	139
1	101565	124
1	101748	150
1	101850	108
1	101922	130
1	102088	105
1	102161	138
1	102306	125
1	102585	116
1	102724	158
1	102929	139
1	103009	123
1	103084	106
1	103163	148
1	103246	115
1	103390	155
1	103556	141
1	103700	110
1	103785	160
1	104119	147
1	104220	157
1	104568	113
1	104646	102
1	104729	110
1	105016	140
1	105122	135
1	105220	121
1	105306	156
1	105390	147
1	105548	147
1	105636	155
1	105850	136
1	105926	124
1	106022	137
1	106242	117
1	106311	101
1	106404	111
1	106689	103
1	106759	100
1	106843	160
1	107106	135
1	107219	109
1	107300	150
1	107607	158
1	107741	138
1	107836	146
1	108175	104
1	108266	156
1	108472	120
1	108690	125
1	108875	126
1	109229	139
1	109306	129
1	109384	152
1	109611	142
1	109746	108
1	109819	115
1	109981	135
1	110055	113
1	110329	100
1	110421	136
1	110492	105
1	110584	101
1	110681	142
1	110991	131
1	111072	149
1	111203	112
1	111346	145
1	111513	146
1	111714	110
1	111846	129
1	112000	150
1	112098	111
1	112228	146
1	112302	137
1	112430	116
1	112800	159
1	112899	128
1	113022	133
1	113109	153
1	113190	150
1	113297	121
1	113375	144
1	113544	101
1	113609	116
1	113800	128
1	114077	146
1	114206	114
1	114303	127
1	114664	103
1	114916	156
1	115126	115
1	115206	129
1	115356	147
1	115480	156
1	115696	133
1	115816	104
1	115932	124
1	116027	119
1	116113	146
1	116200	156
1	116301	147
1	116495	101
1	116575	159
1	116688	115
1	116760	123
1	116826	102
1	116900	145
1	117038	107
1	117217	113
1	117291	114
1	117370	116
1	117553	133
1	117761	119
1	117968	107
1	118138	119
1	118248	151
1	118408	160
1	118493	118
1	118566	145
1	118664	146
1	118805	112
1	118928	140
1	119014	111
1	119071	112
1	119255	110
1	119567	154
1	119772	160
1	119856	110
1	119950	145
1	120117	155
1	120199	141
1	120293	160
1	120386	133
1	120515	105
1	120586	101
1	120659	122
1	120844	153
1	120923	135
1	121067	154
1	121160	119
1	121287	131
1	121434	159
1	121539	127
1	121664	141
1	121741	119
1	121845	137
1	121969	128
1	122207	148
1	122311	104
1	122372	106
1	122505	147
1	122650	147
1	122773	147
1	122866	137
1	122973	122
1	123080	129
1	123194	149
1	123370	153
1	123529	137
1	123605	108
1	123683	129
1	123889	102
1	124138	127
1	124222	154
1	124561	104
1	124649	149
1	124764	136
1	124870	126
1	124959	146
1	125045	125
1	125235	123
1	125377	120
1	125460	132
1	125536	115
1	125604	113
1	125805	152
1	125884	146
1	125972	103
1	126076	145
1	126283	123
1	126353	100
1	126472	138
1	126568	145
1	126646	140
1	126786	150
1	126893	123
1	126964	135
1	127312	107
1	127423	114
1	127751	119
1	127875	104
1	127957	152
1	128110	147
1	128189	135
1	128283	125
1	128367	134
1	128570	144
1	128711	106
1	128775	121
1	128894	112
1	129039	152
1	129181	112
1	129289	144
1	129399	119
1	129683	145
1	129759	147
1	129866	121
1	129976	143
1	130115	135
1	130186	102
1	130258	134
1	130327	134
1	130450	142
1	130531	108
1	130700	132
1	130783	125
1	131003	135
1	131121	105
1	131200	126
1	131279	127
1	131591	122
1	131727	150
1	131810	155
1	131918	129
1	132011	136
1	132161	109
1	132228	130
1	132322	121
1	132404	119
1	132483	110
1	132683	154
1	132765	114
1	132841	140
1	132948	156
1	133061	133
1	133191	152
1	133268	132
1	133339	103
1	133429	111
1	133501	111
1	133626	152
1	133742	102
1	134076	121
1	134266	118
1	134435	155
1	134651	106
1	134764	121
1	134843	147
1	135065	102
1	135299	159
1	135420	141
1	135492	139
1	135563	104
1	135664	136
1	135898	105
1	136174	139
1	136248	146
1	136371	160
1	136617	125
1	136879	156
1	136970	127
1	137038	100
1	137138	106
1	137216	137
1	137301	127
1	137440	150
1	137585	107
1	137788	138
1	137861	102
1	137942	142
1	138064	143
1	138137	114
1	138264	160
1	138356	139
1	138527	132
1	138599	118
1	138679	116
1	138896	107
1	139034	144
1	139259	115
1	139348	129
1	139435	105
1	139563	146
1	139647	144
1	139738	154
1	139853	157
1	140003	108
1	140107	141
1	140292	137
1	140372	104
1	140466	142
1	140689	122
1	140777	152
1	140871	113
1	141042	118
1	141202	104
1	141329	156
1	141591	117
1	141742	158
1	141853	118
1	142041	138
1	142343	102
1	142412	117
1	142522	149
1	142620	128
1	142711	100
1	142821	146
1	143006	131
1	143377	151
1	143679	110
1	143800	119
1	143895	143
1	144343	135
1	144429	159
1	144628	140
1	144726	154
1	144965	110
1	145084	114
1	145144	105
1	145226	139
1	145405	112
1	145601	128
1	145673	108
1	145752	112
1	145970	147
1	146178	157
1	146277	155
1	146515	149
1	146621	127
1	146715	151
1	146816	117
1	146880	122
1	147089	130
1	147176	138
1	147329	117
1	147429	142
1	147633	110
1	147720	150
1	147832	141
1	147959	103
1	148123	111
1	148222	146
1	148401	159
1	148721	154
1	148890	136
1	149218	153
1	149366	159
1	149448	148
1	149534	119
1	149623	135
1	149736	124
1	149820	119
1	149912	135
1	150163	105
1	150316	152
1	150403	154
1	150494	124
1	150564	123
1	150701	149
1	150957	143
1	151055	121
1	151163	103
1	151256	100
1	151372	104
1	151459	114
1	151533	119
1	151650	142
1	151729	122
1	151825	153
1	152024	138
1	152097	106
1	152171	148
1	152380	143
1	152583	153
1	152833	142
1	153132	153
1	153256	157
1	153342	160
1	153461	109
1	153571	114
1	153672	111
1	153907	160
1	154028	150
1	154224	148
1	154335	151
1	154413	106
1	154501	123
1	154568	120
1	154669	138
1	154929	137
1	155072	157
1	155152	125
1	155227	141
1	155352	125
1	155513	130
1	155706	132
1	155781	133
1	155916	156
1	156101	151
1	156180	124
1	156306	122
1	156369	120
1	156508	147
1	156603	127
1	156685	109
1	157002	137
1	157096	121
1	157220	147
1	157326	154
1	157467	159
1	157691	139
1	157875	148
1	158098	136
1	158185	143
1	158550	129
1	158623	127
1	158700	137
1	158810	114
1	158889	110
1	158972	114
1	159053	146
1	159200	122
1	159295	148
1	159396	150
1	159524	106
1	159675	146
1	159752	132
1	159841	129
1	159959	117
1	160049	119
1	160161	107
1	160241	124
1	160480	125
1	160560	115
1	160815	133
1	160973	109
1	161267	145
1	161359	137
1	161494	102
1	161701	101
1	161775	146
1	161880	152
1	162039	147
1	162296	103
1	162351	100
1	162602	144
1	162764	157
1	163045	136
1	163115	129
1	163241	140
1	163428	138
1	163578	105
1	163662	158
1	163744	140
1	163912	156
1	164084	122
1	164176	106
1	164258	100
1	164325	130
1	164418	148
1	164496	156
1	164652	140
1	164730	142
1	164810	137
1	164891	138
1	164986	111
1	165063	149
1	165188	108
1	165257	139
1	165527	126
1	165646	128
1	165775	137
1	165863	117
1	165933	133
1	166113	154
1	166207	114
1	166283	142
1	166537	158
1	166694	128
1	166820	140
1	166929	110
1	167064	122
1	167145	123
1	167268	143
1	167352	144
1	167641	106
1	167972	143
1	168146	160
1	168419	148
1	168524	119
1	168732	149
1	168852	149
1	168941	144
1	169022	110
1	169332	139
1	169433	118
1	169538	115
1	169641	139
1	169810	122
1	170083	137
1	170168	123
1	170295	107
1	170354	111
1	170505	144
1	170720	137
1	170849	148
1	171118	146
1	171370	155
1	171544	119
1	171710	123
1	171889	128
1	171982	150
1	172069	150
1	172317	147
1	172459	151
1	172540	108
1	172694	105
1	172814	160
1	172998	119
1	173111	111
1	173240	103
1	173326	149
1	173675	134
1	173917	120
1	174292	152
1	174393	153
1	174548	157
1	174699	130
1	174775	106
1	174850	114
1	174994	142
1	175195	150
1	175323	120
1	175392	120
1	175557	153
1	175700	129
1	175948	135
1	176034	141
1	176316	119
1	176438	147
1	176513	137
1	176638	145
1	176714	146
1	176868	122
1	176953	116
1	177034	136
1	177121	100
1	177182	113
1	177287	106
1	177442	149
1	177536	150
1	177668	156
1	177875	149
1	177956	111
1	178057	140
1	178164	115
1	178462	129
1	178543	151
1	178898	145
1	179190	111
1	179420	130
1	179589	150
1	179682	109
1	179764	148
1	179887	143
1	179968	116
1	180071	125
1	180139	124
1	180252	141
1	180381	108
1	180443	123
1	180527	108
1	180689	122
1	180850	116
1	181046	123
1	181127	143
1	181201	103
1	181300	126
1	181377	150
1	181458	137
1	181532	143
1	181758	154
1	181841	145
1	181917	148
1	181997	152
1	182075	124
1	182359	152
1	182435	151
1	182588	116
1	182766	156
1	182896	125
1	182980	124
1	183251	136
1	183487	150
1	183589	128
1	183654	101
1	183766	135
