chr	center	width
1	175	140
1	249	127
1	378	114
1	449	101
1	644	115
1	892	126
1	1200	157
1	1283	154
1	1412	115
1	1479	131
1	1768	155
1	1936	127
1	2026	110
1	2093	132
1	2231	145
1	2313	104
1	2412	147
1	2514	103
1	2590	137
1	2659	119
1	2733	131
1	2799	121
1	3250	147
1	3527	144
1	3738	116
1	3830	102
1	3895	131
1	4014	111
1	4242	144
1	4443	136
1	4674	129
1	4858	136
1	5181	144
1	5270	138
1	5346	136
1	5440	110
1	5497	108
1	5570	106
1	5655	141
1	5761	144
1	6012	144
1	6144	135
1	6250	119
1	6325	107
1	6474	134
1	6579	120
1	6640	120
1	6799	146
1	6913	142
1	7033	120
1	7109	120
1	7336	123
1	7426	143
1	7510	156
1	7596	153
1	7756	141
1	7948	141
1	8083	133
1	8347	131
1	8456	124
1	8520	102
1	8630	154
1	8797	150
1	8888	103
1	8965	100
1	9031	131
1	9235	128
1	9460	157
1	9557	111
1	9659	129
1	9735	111
1	9981	159
1	10352	120
1	10475	111
1	10584	131
1	10665	149
1	10773	123
1	10970	150
1	11136	132
1	11262	139
1	11434	159
1	11664	108
1	11832	116
1	12037	124
1	12231	155
1	12533	157
1	12625	111
1	12871	139
1	13042	102
1	13112	116
1	13761	133
1	13897	126
1	14073	124
1	14141	123
1	14212	119
1	14280	113
1	14421	134
1	14572	127
1	14805	153
1	14997	143
1	15153	158
1	15237	132
1	15317	144
1	15457	140
1	15743	143
1	15939	139
1	16120	136
1	16303	125
1	16494	139
1	16565	128
1	16807	118
1	16929	139
1	17137	158
1	17343	133
1	17552	103
1	17784	123
1	18020	101
1	18100	159
1	18199	116
1	18271	100
1	18365	151
1	18522	148
1	18603	143
1	18680	144
1	18759	130
1	18865	159
1	19020	100
1	19085	130
1	19231	148
1	19461	147
1	19661	123
1	19735	140
1	19816	111
1	19964	125
1	20036	105
1	20095	101
1	20151	107
1	20242	105
1	20313	105
1	20405	143
1	20485	144
1	20562	132
1	20895	114
1	20964	111
1	21054	139
1	21137	160
1	21245	159
1	21396	156
1	21474	107
1	21556	150
1	21751	146
1	22221	152
1	22332	157
1	22654	141
1	22728	131
1	22807	134
1	22907	144
1	22990	130
1	23080	127
1	23162	158
1	23319	113
1	23417	137
1	23487	137
1	23592	110
1	23674	117
1	23768	143
1	23892	129
1	23964	127
1	24031	111
1	24100	134
1	24187	154
1	24275	130
1	24361	134
1	24757	143
1	24962	130
1	25044	114
1	25123	125
1	25257	139
1	25363	116
1	25604	141
1	25852	147
1	25936	116
1	26057	127
1	26134	104
1	26226	111
1	26462	141
1	26649	130
1	26873	144
1	27027	109
1	27202	115
1	27463	144
1	27752	153
1	27883	113
1	27967	101
1	28079	130
1	28203	107
1	28286	135
1	28431	123
1	28522	128
1	28803	115
1	28870	118
1	28959	103
1	29082	108
1	29171	141
1	29286	148
1	29385	143
1	29463	103
1	29593	147
1	29689	149
1	29821	141
1	30314	147
1	30466	151
1	30699	139
1	30971	157
1	31122	100
1	31204	123
1	31294	160
1	31533	146
1	31632	116
1	32000	130
1	32399	152
1	32489	136
1	32869	134
1	32960	113
1	33060	114
1	33137	150
1	33279	113
1	33361	147
1	33457	153
1	33544	145
1	33642	119
1	33713	120
1	33850	137
1	33937	133
1	34030	149
1	34119	140
1	34324	125
1	34444	111
1	34537	142
1	34627	128
1	34731	134
1	35035	157
1	35133	110
1	35215	124
1	35283	115
1	35364	116
1	35488	106
1	35600	139
1	35693	117
1	36022	126
1	36143	114
1	36265	110
1	36343	146
1	36432	115
1	36559	113
1	36655	152
1	36824	109
1	37168	142
1	37307	140
1	37434	111
1	37496	110
1	37633	136
1	37730	113
1	37817	148
1	38069	144
1	38283	141
1	38384	133
1	38611	128
1	38731	120
1	38955	151
1	39078	158
1	39284	117
1	39491	148
1	39570	126
1	39653	130
1	39773	146
1	40012	103
1	40142	156
1	40333	155
1	40553	154
1	40700	143
1	40887	112
1	40974	143
1	41050	108
1	41246	137
1	41378	135
1	41533	133
1	41676	138
1	42034	156
1	42175	117
1	42279	111
1	42373	116
1	42517	142
1	42594	145
1	42669	144
1	42872	139
1	43000	111
1	43237	118
1	43398	115
1	43480	112
1	43564	126
1	43679	159
1	43958	143
1	44228	145
1	44319	112
1	44400	107
1	44535	113
1	44630	145
1	44733	118
1	44950	121
1	45156	100
1	45239	114
1	45320	134
1	45547	158
1	45882	131
1	46066	158
1	46366	142
1	46443	132
1	46525	135
1	46596	116
1	46667	105
1	46722	104
1	46811	141
1	47362	154
1	47918	154
1	48001	158
1	48174	129
1	48243	117
1	48465	106
1	48544	141
1	48631	119
1	48790	108
1	48864	145
1	48996	150
1	49151	132
1	49251	157
1	49337	141
1	49491	146
1	49739	112
1	49952	123
1	50231	119
1	50317	144
1	50405	159
1	50572	105
1	50651	155
1	50778	100
1	50855	118
1	50967	113
1	51224	133
1	51292	108
1	51516	143
1	51597	149
1	51674	139
1	51799	143
1	51922	104
1	52013	120
1	52104	136
1	52172	135
1	52276	136
1	52400	149
1	52503	137
1	52761	144
1	52843	114
1	52921	106
1	53093	151
1	53283	159
1	53383	105
1	53459	138
1	53547	110
1	53730	125
1	53934	156
1	54131	129
1	54263	142
1	54336	113
1	54442	138
1	54728	140
1	54872	145
1	55160	155
1	55275	103
1	55351	101
1	55426	135
1	55578	157
1	55836	127
1	56090	147
1	56265	159
1	56592	114
1	56671	122
1	56754	119
1	56903	157
1	57202	145
1	57352	121
1	57426	112
1	57536	155
1	57637	106
1	57767	141
1	57844	120
1	57953	102
1	58026	109
1	58144	145
1	58366	142
1	58634	133
1	58876	130
1	58993	123
1	59065	111
1	59136	137
1	59373	140
1	59559	151
1	59735	149
1	59814	118
1	60019	143
1	60241	104
1	60305	111
1	60499	138
1	60676	117
1	60757	147
1	60845	127
1	60917	119
1	60993	106
1	61075	121
1	61302	153
1	61384	110
1	61543	123
1	61624	127
1	61714	119
1	61791	110
1	61987	108
1	62059	102
1	62151	148
1	62288	117
1	62358	110
1	62651	117
1	62900	150
1	63136	127
1	63244	117
1	63319	114
1	63408	121
1	63574	123
1	63685	115
1	63796	141
1	64108	114
1	64185	106
1	64260	102
1	64371	160
1	64483	137
1	64566	149
1	64655	137
1	64748	158
1	64901	123
1	64980	109
1	65077	134
1	65320	138
1	65391	142
1	65510	157
1	65589	149
1	65845	160
1	65971	143
1	66074	132
1	66144	124
1	66342	153
1	66488	152
1	66627	151
1	66783	160
1	66978	158
1	67108	121
1	67362	144
1	67595	117
1	67687	138
1	67780	101
1	67884	140
1	68011	116
1	68323	134
1	68446	105
1	68555	111
1	68679	106
1	68774	120
1	68906	143
1	69150	126
1	69362	114
1	69424	114
1	69497	130
1	69575	141
1	69681	126
1	69896	124
1	70077	120
1	70152	106
1	70237	146
1	70429	118
1	70690	119
1	70803	146
1	70891	157
1	71038	126
1	71114	136
1	71279	147
1	71360	129
1	71612	102
1	71688	152
1	71770	132
1	72039	104
1	72106	131
1	72372	152
1	72479	107
1	72554	103
1	72657	105
1	72747	145
1	72850	141
1	72949	108
1	73060	149
1	73237	142
1	73398	157
1	73578	129
1	73757	122
1	74011	140
1	74277	132
1	74355	139
1	74576	144
1	74707	142
1	74779	102
1	74909	113
1	75112	116
1	75221	145
1	75451	155
1	75624	128
1	75833	143
1	76055	103
1	76110	108
1	76238	144
1	76464	141
1	76729	117
1	76886	144
1	76958	123
1	77059	117
1	77243	152
1	77374	101
1	77565	132
1	77686	119
1	77774	143
1	77914	160
1	78029	160
1	78130	118
1	78205	122
1	78286	108
1	78508	159
1	78611	112
1	78808	101
1	78915	131
1	79098	109
1	79187	156
1	79268	136
1	79531	158
1	79750	131
1	79982	115
1	80110	157
1	80263	142
1	80738	154
1	80922	109
1	81237	142
1	81638	147
1	81872	150
1	82085	126
1	82206	157
1	82339	135
1	82411	122
1	82521	157
1	82630	111
1	82864	149
1	83151	116
1	83357	122
1	83426	110
1	83547	149
1	83759	138
1	83968	102
1	84039	108
1	84115	112
1	84191	101
1	84250	111
1	84359	134
1	84590	120
1	84668	131
1	84750	149
1	84845	120
1	84931	117
1	84995	121
1	85089	158
1	85289	150
1	85510	102
1	85643	106
1	85733	145
1	85826	146
1	85908	154
1	85991	150
1	86099	109
1	86249	151
1	86351	132
1	86462	108
1	86557	146
1	86684	115
1	86755	104
1	86842	145
1	87042	160
1	87200	135
1	87288	101
1	87367	107
1	87503	127
1	87674	146
1	87845	131
1	87938	140
1	88014	146
1	88136	121
1	88212	121
1	88330	129
1	88580	150
1	88734	108
1	88818	150
1	88955	113
1	89050	136
1	89161	125
1	89280	123
1	89398	150
1	89473	151
1	89578	138
1	89776	154
1	89994	143
1	90195	151
1	90419	108
1	90630	129
1	90703	137
1	90784	149
1	90890	141
1	90984	102
1	91085	118
1	91151	109
1	91240	136
1	91383	139
1	91562	155
1	91730	146
1	91886	105
1	92015	125
1	92096	119
1	92506	129
1	92572	107
1	92651	136
1	92724	135
1	92966	123
1	93090	143
1	93202	145
1	93280	101
1	93472	159
1	93678	110
1	93795	151
1	93873	139
1	94276	130
1	94448	142
1	94531	152
1	94608	148
1	94881	156
1	95024	109
1	95091	117
1	95444	135
1	95546	130
1	95640	106
1	95709	113
1	95782	125
1	95862	107
1	95963	138
1	96103	140
1	96178	151
1	96258	146
1	96564	100
1	96892	142
1	97173	152
1	97381	142
1	97615	124
1	97810	113
1	98008	119
1	98370	142
1	98499	115
1	98744	111
1	98806	104
1	98940	156
1	99063	116
1	99261	130
1	99453	147
1	99741	123
1	99924	153
1	100085	154
1	100343	130
1	100432	160
1	100657	146
1	100807	117
1	100887	134
1	100992	152
1	101076	103
1	101158	140
1	101277	132
1	101538	122
1	101757	147
1	101906	128
1	102146	141
1	102218	136
1	102294	139
1	102612	150
1	102714	128
1	102963	118
1	103045	141
1	103148	113
1	103395	126
1	103570	119
1	103657	121
1	103742	154
1	104138	135
1	104207	107
1	104291	117
1	104547	119
1	104654	148
1	104739	118
1	104942	101
1	105015	128
1	105089	138
1	105272	147
1	105433	160
1	105591	135
1	105870	118
1	106008	119
1	106086	143
1	106255	139
1	106360	106
1	106660	130
1	106865	159
1	107118	155
1	107244	111
1	107307	120
1	107584	153
1	107795	148
1	108241	135
1	108467	141
1	108700	149
1	108888	127
1	108954	131
1	109254	137
1	109366	140
1	109608	131
1	109807	126
1	110003	155
1	110307	127
1	110380	135
1	110448	105
1	110507	108
1	110608	119
1	110755	144
1	111005	133
1	111079	144
1	111195	139
1	111282	122
1	111346	114
1	111469	144
1	111544	133
1	111700	127
1	111880	137
1	111999	134
1	112075	102
1	112213	160
1	112304	152
1	112440	127
1	112799	159
1	112880	142
1	113082	115
1	113163	145
1	113307	125
1	113397	153
1	113582	154
1	113821	152
1	114173	115
1	114262	107
1	114634	151
1	114913	110
1	115161	136
1	115230	137
1	115358	145
1	115436	118
1	115520	138
1	115685	116
1	115797	130
1	115911	125
1	115975	116
1	116061	123
1	116158	106
1	116229	123
1	116324	136
1	116542	146
1	116653	110
1	116857	148
1	117026	145
1	117227	133
1	117345	148
1	117504	157
1	117591	151
1	117703	101
1	117784	126
1	117942	154
1	118132	126
1	118275	134
1	118357	156
1	118479	142
1	118562	123
1	118624	119
1	118748	111
1	118829	106
1	118903	101
1	118968	106
1	119050	150
1	119238	127
1	119582	136
1	119786	136
1	119907	149
1	120114	124
1	120184	118
1	120289	100
1	120348	108
1	120408	106
1	120563	150
1	120683	154
1	120875	151
1	121075	147
1	121157	145
1	121234	108
1	121335	139
1	121494	123
1	121670	107
1	121791	142
1	121876	146
1	121981	131
1	122194	153
1	122330	141
1	122402	114
1	122497	148
1	122577	135
1	122688	119
1	122780	150
1	122868	123
1	122944	100
1	123070	152
1	123217	124
1	123360	145
1	123498	114
1	123573	139
1	123697	145
1	123865	126
1	124063	143
1	124140	117
1	124215	143
1	124614	111
1	124673	117
1	124761	110
1	124833	125
1	124908	133
1	125049	156
1	125273	112
1	125466	159
1	125586	147
1	125834	106
1	125961	133
1	126092	143
1	126275	158
1	126354	129
1	126453	129
1	126526	107
1	126646	125
1	126768	116
1	126843	146
1	126949	144
1	127346	156
1	127433	135
1	127720	119
1	127815	148
1	127895	149
1	128003	120
1	128136	125
1	128211	114
1	128296	119
1	128601	114
1	128683	106
1	128751	109
1	128888	126
1	128958	100
1	129042	149
1	129234	158
1	129318	148
1	129393	151
1	129677	110
1	129747	108
1	129862	118
1	129943	107
1	130160	136
1	130340	142
1	130506	134
1	130767	129
1	131010	143
1	131124	111
1	131208	145
1	131283	101
1	131568	157
1	131789	155
1	131942	156
1	132035	107
1	132189	157
1	132312	149
1	132405	120
1	132466	111
1	132723	129
1	132852	153
1	133010	144
1	133167	153
1	133274	128
1	133423	104
1	133504	142
1	133662	142
1	133739	149
1	134045	143
1	134120	100
1	134185	101
1	134266	101
1	134356	103
1	134461	146
1	134672	140
1	134763	138
1	134834	140
1	135085	142
1	135285	131
1	135524	158
1	135659	117
1	135840	100
1	135904	108
1	136255	138
1	136390	149
1	136634	133
1	136828	111
1	136896	120
1	137024	122
1	137198	154
1	137325	157
1	137407	112
1	137632	152
1	137722	104
1	137789	134
1	137896	146
1	138092	129
1	138294	152
1	138573	142
1	138662	135
1	138799	147
1	138884	104
1	139018	142
1	139281	145
1	139400	127
1	139569	104
1	139646	122
1	139751	133
1	139866	117
1	140070	151
1	140309	124
1	140453	145
1	140696	114
1	140813	153
1	141074	112
1	141163	112
1	141222	108
1	141308	139
1	141583	118
1	141643	104
1	141728	114
1	141819	109
1	142050	138
1	142318	141
1	142537	155
1	142706	118
1	142821	158
1	142995	128
1	143060	129
1	143363	152
1	143628	123
1	143778	153
1	143892	118
1	143961	116
1	144424	127
1	144557	105
1	144628	118
1	144753	144
1	144958	140
1	145095	102
1	145155	120
1	145227	145
1	145332	109
1	145409	138
1	145568	141
1	145639	110
1	145733	129
1	145972	149
1	146156	157
1	146240	153
1	146516	126
1	146598	147
1	146872	157
1	147098	157
1	147181	143
1	147360	115
1	147463	136
1	147542	120
1	147679	114
1	147885	115
1	148096	118
1	148197	154
1	148386	103
1	148722	146
1	148873	151
1	149190	144
1	149414	145
1	149546	132
1	149818	109
1	149898	158
1	150174	160
1	150275	131
1	150355	109
1	150442	158
1	150571	146
1	150646	123
1	150751	137
1	150948	148
1	151107	148
1	151251	124
1	151352	142
1	151425	144
1	151510	148
1	151670	148
1	151847	160
1	152044	117
1	152137	149
1	152364	153
1	152578	134
1	152839	141
1	153153	138
1	153321	159
1	153485	154
1	153664	134
1	153896	159
1	153993	138
1	154212	106
1	154274	118
1	154346	144
1	154525	120
1	154616	112
1	154949	115
1	155017	102
1	155096	123
1	155181	142
1	155330	140
1	155489	137
1	155752	152
1	155854	133
1	155925	114
1	156112	135
1	156331	135
1	156510	149
1	156646	157
1	157013	110
1	157085	109
1	157184	140
1	157262	136
1	157375	135
1	157471	160
1	157671	151
1	157849	159
1	158100	133
1	158195	105
1	158256	109
1	158515	145
1	158642	146
1	158717	104
1	158824	127
1	158975	137
1	159074	149
1	159245	106
1	159313	130
1	159405	149
1	159524	141
1	159648	157
1	159766	118
1	159900	134
1	160097	159
1	160194	127
1	160484	120
1	160800	139
1	160980	122
1	161296	159
1	161396	101
1	161454	106
1	161540	148
1	161767	152
1	161910	156
1	162004	121
1	162071	107
1	162326	141
1	162565	117
1	162688	105
1	162769	116
1	163058	123
1	163244	124
1	163423	152
1	163606	113
1	163674	105
1	163775	116
1	163936	149
1	164123	148
1	164258	121
1	164442	138
1	164677	137
1	164822	159
1	164913	155
1	164997	113
1	165074	123
1	165234	159
1	165483	120
1	165560	114
1	165678	127
1	165783	157
1	165864	109
1	165953	123
1	166061	133
1	166139	105
1	166254	154
1	166589	137
1	166721	135
1	166841	112
1	167071	119
1	167167	129
1	167255	116
1	167322	123
1	167393	124
1	167663	154
1	167963	125
1	168084	123
1	168178	159
1	168392	119
1	168474	113
1	168552	121
1	168667	113
1	168741	136
1	168817	101
1	168888	117
1	169061	155
1	169373	121
1	169506	155
1	169616	112
1	169672	108
1	169785	150
1	170107	132
1	170193	100
1	170325	125
1	170476	138
1	170730	118
1	170855	143
1	171087	152
1	171393	147
1	171562	146
1	171654	125
1	171924	120
1	172003	116
1	172309	148
1	172423	144
1	172500	146
1	172615	158
1	172707	118
1	172798	129
1	172981	136
1	173060	112
1	173141	139
1	173334	155
1	173688	133
1	173900	149
1	174256	150
1	174379	147
1	174468	112
1	174539	124
1	174620	138
1	174732	116
1	174864	148
1	174950	147
1	175203	152
1	175332	137
1	175573	120
1	175704	152
1	176021	139
1	176338	139
1	176473	121
1	176658	145
1	176833	132
1	176908	132
1	176986	127
1	177130	104
1	177194	108
1	177406	119
1	177511	148
1	177700	100
1	177841	142
1	177914	128
1	178004	123
1	178149	155
1	178609	104
1	178683	100
1	178881	144
1	179205	110
1	179416	121
1	179576	128
1	179648	127
1	179759	125
1	179907	131
1	179987	135
1	180075	114
1	180140	109
1	180256	156
1	180406	125
1	180482	148
1	180571	154
1	180741	142
1	180822	147
1	181127	150
1	181267	101
1	181373	141
1	181490	152
1	181769	141
1	181899	135
1	181981	109
1	182045	107
1	182393	139
1	182543	128
1	182620	150
1	182755	160
1	182847	130
1	182928	146
1	183257	153
1	183457	117
1	183590	114
1	183665	129
1	183737	142
