chr	center	width
1	178	153
1	408	139
1	631	116
1	879	134
1	1249	149
1	1466	151
1	1773	149
1	1994	135
1	2104	139
1	2237	147
1	2414	157
1	2531	160
1	2656	143
1	2772	143
1	3243	158
1	3522	135
1	3735	139
1	3870	135
1	4014	150
1	4232	132
1	4435	149
1	4674	156
1	4845	123
1	5177	156
1	5329	125
1	5467	145
1	5580	131
1	5741	143
1	5989	132
1	6149	160
1	6299	128
1	6481	158
1	6619	145
1	6784	135
1	6967	117
1	7070	139
1	7312	152
1	7432	140
1	7757	145
1	7933	145
1	8073	152
1	8338	158
1	8503	138
1	8633	116
1	8799	143
1	8924	136
1	9049	150
1	9243	153
1	9487	152
1	9593	138
1	9713	141
1	10026	134
1	10335	152
1	10484	139
1	10617	145
1	10786	145
1	10961	145
1	11140	159
1	11283	146
1	11431	141
1	11638	155
1	11827	146
1	12046	142
1	12243	150
1	12520	119
1	12655	151
1	12845	157
1	13073	156
1	13765	127
1	13914	132
1	14123	144
1	14280	150
1	14426	155
1	14568	146
1	14818	153
1	15013	146
1	15186	120
1	15301	144
1	15478	144
1	15749	142
1	15906	148
1	16105	107
1	16292	140
1	16530	148
1	16778	156
1	16910	139
1	17117	152
1	17342	139
1	17542	152
1	17787	144
1	18068	142
1	18197	136
1	18365	131
1	18527	153
1	18645	138
1	18766	136
1	18880	134
1	19047	141
1	19238	132
1	19472	121
1	19667	147
1	19778	130
1	20005	151
1	20116	135
1	20241	139
1	20399	143
1	20566	137
1	20891	131
1	21045	120
1	21158	142
1	21246	146
1	21410	149
1	21543	142
1	21747	149
1	22202	130
1	22349	157
1	22636	136
1	22811	153
1	22938	157
1	23135	149
1	23319	119
1	23433	136
1	23614	153
1	23728	149
1	23941	123
1	24106	145
1	24228	145
1	24360	146
1	24745	145
1	24943	137
1	25099	136
1	25213	156
1	25375	123
1	25593	123
1	25875	121
1	25981	148
1	26099	145
1	26222	137
1	26449	149
1	26669	132
1	26855	147
1	27017	151
1	27210	147
1	27432	136
1	27749	156
1	27908	150
1	28073	131
1	28253	145
1	28409	146
1	28518	134
1	28855	123
1	28954	128
1	29092	154
1	29186	140
1	29322	158
1	29436	150
1	29575	151
1	29716	152
1	29809	150
1	30511	155
1	30687	148
1	30957	143
1	31174	138
1	31316	149
1	31518	139
1	31660	110
1	31989	136
1	32382	137
1	32467	146
1	32840	159
1	32988	136
1	33120	142
1	33279	157
1	33370	157
1	33491	149
1	33611	128
1	33721	144
1	33845	125
1	34002	139
1	34109	159
1	34314	145
1	34469	148
1	34589	118
1	34754	146
1	35039	142
1	35180	141
1	35303	159
1	35478	130
1	35616	160
1	35730	151
1	36013	140
1	36153	141
1	36331	127
1	36453	150
1	36571	147
1	36702	139
1	36847	153
1	37142	143
1	37318	151
1	37474	146
1	37648	152
1	37840	147
1	38072	137
1	38248	144
1	38362	133
1	38595	143
1	38741	158
1	38936	143
1	39084	112
1	39284	151
1	39500	115
1	39644	136
1	39768	131
1	39997	134
1	40132	152
1	40345	122
1	40569	126
1	40687	133
1	40898	150
1	41037	150
1	41242	150
1	41382	155
1	41519	140
1	41693	142
1	42024	135
1	42229	152
1	42367	155
1	42551	134
1	42655	152
1	42879	137
1	43010	151
1	43256	129
1	43420	157
1	43556	158
1	43691	160
1	43988	155
1	44205	133
1	44297	146
1	44423	135
1	44555	157
1	44677	136
1	44956	159
1	45198	148
1	45333	144
1	45551	141
1	45843	138
1	46064	144
1	46357	142
1	46533	154
1	46686	149
1	46835	132
1	47365	152
1	47911	154
1	48027	134
1	48197	146
1	48434	150
1	48551	147
1	48704	142
1	48842	156
1	48993	128
1	49177	142
1	49293	156
1	49498	135
1	49719	128
1	49950	131
1	50207	153
1	50325	144
1	50441	156
1	50743	158
1	50853	150
1	50952	132
1	51240	148
1	51512	135
1	51640	137
1	51818	142
1	51988	134
1	52106	151
1	52203	121
1	52376	132
1	52488	158
1	52742	142
1	52877	157
1	53115	148
1	53284	127
1	53405	138
1	53528	138
1	53678	141
1	53932	151
1	54109	142
1	54273	144
1	54443	141
1	54727	132
1	54894	141
1	55127	133
1	55282	160
1	55395	141
1	55598	158
1	55848	130
1	56106	133
1	56270	145
1	56603	149
1	56729	149
1	56905	147
1	57189	157
1	57374	154
1	57499	144
1	57605	147
1	57814	130
1	57997	136
1	58155	159
1	58345	143
1	58670	137
1	58869	128
1	58988	148
1	59114	137
1	59376	153
1	59564	144
1	59763	141
1	60026	124
1	60294	152
1	60481	144
1	60672	153
1	60775	145
1	60920	121
1	61067	146
1	61228	146
1	61370	123
1	61567	141
1	61681	141
1	61804	148
1	62031	143
1	62152	137
1	62307	143
1	62639	153
1	62881	121
1	63105	160
1	63214	143
1	63408	111
1	63576	157
1	63684	143
1	63812	119
1	64091	127
1	64208	144
1	64374	151
1	64539	129
1	64662	131
1	64797	120
1	64940	135
1	65042	152
1	65152	142
1	65343	146
1	65507	144
1	65608	149
1	65828	141
1	65952	137
1	66120	141
1	66347	126
1	66490	145
1	66637	136
1	66816	153
1	67009	130
1	67142	149
1	67367	158
1	67558	129
1	67739	131
1	67875	157
1	68012	153
1	68309	141
1	68449	157
1	68608	142
1	68733	142
1	68920	142
1	69120	139
1	69318	142
1	69455	137
1	69568	148
1	69688	147
1	69914	156
1	70075	160
1	70239	132
1	70419	144
1	70701	153
1	70793	134
1	70909	134
1	71038	159
1	71246	133
1	71376	145
1	71544	144
1	71669	146
1	71802	157
1	72043	155
1	72137	128
1	72361	151
1	72469	157
1	72629	131
1	72742	132
1	72873	135
1	73037	129
1	73208	141
1	73404	138
1	73568	142
1	73755	158
1	74011	143
1	74235	126
1	74340	143
1	74580	128
1	74734	142
1	74928	128
1	75108	151
1	75206	136
1	75452	150
1	75636	137
1	75828	135
1	76094	143
1	76203	148
1	76463	120
1	76693	155
1	76945	150
1	77061	147
1	77246	152
1	77390	150
1	77573	134
1	77714	142
1	77809	152
1	77940	145
1	78029	141
1	78132	131
1	78272	138
1	78490	131
1	78579	160
1	78810	145
1	78951	156
1	79138	139
1	79268	156
1	79531	134
1	79789	142
1	80017	130
1	80132	155
1	80298	146
1	80755	121
1	80927	155
1	81237	127
1	81646	138
1	81861	127
1	82107	158
1	82234	140
1	82343	154
1	82509	139
1	82631	157
1	82835	146
1	83142	142
1	83383	151
1	83543	145
1	83766	155
1	83965	124
1	84091	156
1	84216	138
1	84356	144
1	84602	149
1	84766	147
1	84918	137
1	85103	135
1	85292	140
1	85478	129
1	85588	137
1	85720	135
1	85827	138
1	85922	158
1	86097	132
1	86263	131
1	86427	159
1	86547	155
1	86662	152
1	86835	153
1	87037	137
1	87220	160
1	87369	147
1	87500	140
1	87683	158
1	87874	128
1	87982	153
1	88169	135
1	88344	112
1	88570	148
1	88764	121
1	88873	150
1	88989	141
1	89139	127
1	89247	143
1	89415	158
1	89552	147
1	89782	150
1	89981	134
1	90210	156
1	90417	140
1	90683	159
1	90797	158
1	90956	135
1	91095	130
1	91239	118
1	91369	143
1	91551	128
1	91734	141
1	91887	135
1	92038	158
1	92493	159
1	92623	144
1	92713	120
1	92972	154
1	93117	150
1	93247	142
1	93476	147
1	93671	135
1	93777	129
1	93902	125
1	94291	127
1	94438	136
1	94571	143
1	94863	152
1	95085	139
1	95441	144
1	95576	160
1	95703	141
1	95799	155
1	95958	143
1	96080	141
1	96265	151
1	96548	127
1	96887	135
1	97138	154
1	97393	143
1	97598	138
1	97823	144
1	98004	150
1	98334	141
1	98488	153
1	98701	144
1	98845	137
1	98954	132
1	99094	144
1	99252	148
1	99442	126
1	99726	146
1	99937	119
1	100070	148
1	100371	132
1	100470	138
1	100664	157
1	100854	140
1	101021	158
1	101114	138
1	101234	134
1	101545	143
1	101749	143
1	101921	153
1	102145	136
1	102311	138
1	102591	149
1	102723	156
1	102949	124
1	103069	124
1	103207	143
1	103406	144
1	103564	157
1	103724	150
1	104134	149
1	104268	130
1	104532	135
1	104694	131
1	104983	150
1	105097	152
1	105289	146
1	105437	139
1	105612	147
1	105858	131
1	106014	152
1	106248	134
1	106364	127
1	106670	139
1	106871	137
1	107120	144
1	107251	146
1	107585	142
1	107798	126
1	108224	146
1	108465	127
1	108661	149
1	108900	147
1	109234	141
1	109360	139
1	109611	129
1	109812	120
1	110011	156
1	110362	146
1	110465	138
1	110620	133
1	110744	135
1	111046	148
1	111169	112
1	111228	118
1	111316	126
1	111529	114
1	111706	138
1	111868	155
1	112043	130
1	112200	160
1	112332	149
1	112426	157
1	112784	146
1	112925	140
1	113085	143
1	113203	150
1	113360	120
1	113575	131
1	113786	146
1	114125	142
1	114280	138
1	114662	140
1	114940	150
1	115182	151
1	115364	142
1	115504	157
1	115689	150
1	115840	146
1	115966	129
1	116076	140
1	116189	157
1	116333	140
1	116560	159
1	116681	149
1	116847	116
1	117019	148
1	117237	146
1	117327	134
1	117564	142
1	117754	157
1	117957	143
1	118128	146
1	118307	141
1	118466	158
1	118599	140
1	118789	142
1	118925	118
1	119012	156
1	119238	142
1	119575	136
1	119778	157
1	119918	130
1	120120	137
1	120247	118
1	120387	147
1	120567	149
1	120674	154
1	121116	130
1	121237	133
1	121323	128
1	121504	140
1	121690	128
1	121832	144
1	121969	143
1	122193	127
1	122385	121
1	122501	137
1	122665	160
1	122797	143
1	122902	142
1	123058	140
1	123197	125
1	123350	160
1	123538	137
1	123696	144
1	123892	137
1	124079	123
1	124223	134
1	124604	151
1	124738	148
1	124911	127
1	125051	153
1	125290	141
1	125458	145
1	125619	149
1	125807	150
1	125941	153
1	126068	150
1	126272	159
1	126379	133
1	126487	136
1	126657	137
1	126815	158
1	126943	142
1	127312	142
1	127417	142
1	127780	143
1	127881	158
1	127995	142
1	128158	134
1	128308	145
1	128578	135
1	128727	153
1	128892	138
1	129045	144
1	129214	139
1	129359	136
1	129716	134
1	129824	151
1	129951	152
1	130151	145
1	130322	154
1	130496	144
1	130743	135
1	131003	154
1	131145	125
1	131260	142
1	131583	141
1	131764	154
1	131890	141
1	131996	150
1	132186	151
1	132345	158
1	132486	136
1	132695	142
1	132863	142
1	133009	158
1	133177	147
1	133304	136
1	133474	139
1	133645	134
1	133750	152
1	134049	137
1	134176	148
1	134275	119
1	134462	145
1	134664	124
1	134813	139
1	135096	131
1	135318	155
1	135507	148
1	135642	144
1	135894	150
1	136223	140
1	136401	139
1	136642	137
1	136854	137
1	136972	149
1	137167	143
1	137287	139
1	137420	148
1	137616	129
1	137754	147
1	137879	138
1	138101	146
1	138318	122
1	138569	147
1	138679	160
1	138857	136
1	139044	140
1	139262	121
1	139386	125
1	139586	135
1	139718	138
1	139854	139
1	140083	153
1	140313	149
1	140452	142
1	140695	135
1	140822	126
1	141046	150
1	141198	148
1	141345	138
1	141583	122
1	141718	153
1	141812	138
1	142051	141
1	142327	160
1	142538	156
1	142670	149
1	142816	148
1	143003	155
1	143375	146
1	143664	144
1	143772	156
1	143925	160
1	144426	140
1	144602	146
1	144749	141
1	144961	140
1	145134	147
1	145263	127
1	145386	150
1	145586	123
1	145711	152
1	145970	150
1	146163	159
1	146275	132
1	146517	143
1	146608	137
1	146861	142
1	147124	160
1	147330	136
1	147475	134
1	147665	155
1	147870	145
1	148098	156
1	148219	158
1	148390	136
1	148732	137
1	148898	139
1	149211	149
1	149403	122
1	149559	122
1	149789	156
1	149922	146
1	150162	137
1	150293	149
1	150398	151
1	150590	153
1	150732	159
1	150947	158
1	151082	149
1	151245	144
1	151358	131
1	151505	121
1	151693	148
1	151854	141
1	152057	118
1	152165	146
1	152376	157
1	152582	160
1	152832	146
1	153162	136
1	153327	124
1	153482	131
1	153658	134
1	153903	150
1	154036	152
1	154211	147
1	154342	137
1	154550	141
1	154652	146
1	154930	136
1	155063	144
1	155158	149
1	155326	148
1	155505	138
1	155742	153
1	155905	147
1	156117	141
1	156330	147
1	156517	142
1	156649	160
1	157098	147
1	157243	142
1	157358	149
1	157466	152
1	157666	138
1	157853	153
1	158097	148
1	158232	137
1	158537	148
1	158662	149
1	158810	134
1	158968	146
1	159097	139
1	159269	158
1	159388	157
1	159516	142
1	159663	137
1	159787	135
1	159875	138
1	160072	151
1	160194	141
1	160501	148
1	160832	136
1	160994	145
1	161270	130
1	161406	142
1	161535	118
1	161757	134
1	161908	143
1	162066	150
1	162346	129
1	162571	147
1	162726	151
1	163060	146
1	163245	140
1	163434	128
1	163619	133
1	163705	132
1	163925	120
1	164097	126
1	164243	146
1	164455	158
1	164642	143
1	164788	148
1	164884	156
1	165042	130
1	165255	150
1	165516	139
1	165650	157
1	165787	133
1	165918	147
1	166100	139
1	166229	160
1	166593	135
1	166717	123
1	166833	149
1	167033	158
1	167154	146
1	167252	150
1	167376	129
1	167657	123
1	167956	146
1	168174	149
1	168388	151
1	168522	154
1	168712	150
1	168904	136
1	169063	149
1	169353	150
1	169531	103
1	169627	145
1	169802	124
1	170107	139
1	170203	144
1	170338	149
1	170463	132
1	170715	132
1	170871	155
1	171080	135
1	171373	147
1	171550	143
1	171662	156
1	171923	150
1	172017	153
1	172320	135
1	172473	146
1	172687	147
1	172808	129
1	172984	137
1	173143	151
1	173310	137
1	173674	137
1	173910	130
1	174253	137
1	174402	147
1	174519	157
1	174647	156
1	174798	128
1	174911	146
1	175217	155
1	175340	143
1	175580	137
1	175706	140
1	176005	153
1	176343	146
1	176511	108
1	176644	128
1	176849	133
1	176982	149
1	177192	120
1	177394	140
1	177516	133
1	177679	142
1	177902	131
1	178017	150
1	178165	141
1	178532	148
1	178636	153
1	178911	149
1	179202	147
1	179423	140
1	179617	149
1	179763	137
1	179920	139
1	180091	126
1	180256	136
1	180443	145
1	180542	140
1	180703	115
1	180830	134
1	181085	138
1	181225	133
1	181339	140
1	181481	149
1	181767	146
1	181925	149
1	182054	142
1	182393	154
1	182575	127
1	182676	149
1	182792	148
1	182925	140
1	183260	149
1	183476	141
1	183601	160
1	183754	149
