chr	center	width
1	125	117
1	192	125
1	372	121
1	651	121
1	807	149
1	913	134
1	1277	111
1	1455	147
1	1767	116
1	1987	141
1	2071	153
1	2277	144
1	2389	159
1	2510	159
1	2627	105
1	2692	119
1	2766	117
1	3211	136
1	3293	133
1	3497	146
1	3726	160
1	3840	129
1	3917	113
1	4024	156
1	4227	128
1	4463	151
1	4629	110
1	4706	104
1	4809	124
1	4883	130
1	5176	143
1	5356	147
1	5461	128
1	5593	111
1	5668	107
1	5747	132
1	5823	137
1	5958	136
1	6152	122
1	6262	160
1	6449	124
1	6550	123
1	6619	104
1	6779	124
1	6902	103
1	6961	110
1	7036	149
1	7117	113
1	7311	110
1	7396	124
1	7474	138
1	7564	110
1	7628	107
1	7768	126
1	7906	158
1	8063	119
1	8288	117
1	8576	106
1	8646	122
1	8711	115
1	8786	116
1	8936	139
1	9030	151
1	9186	107
1	9302	155
1	9503	105
1	9594	141
1	9718	130
1	10011	157
1	10327	129
1	10407	132
1	10517	108
1	10592	139
1	10772	143
1	10960	157
1	11049	132
1	11132	156
1	11230	113
1	11303	129
1	11449	134
1	11602	159
1	11843	126
1	12079	138
1	12186	103
1	12258	138
1	12529	140
1	12665	152
1	12788	119
1	12883	109
1	13045	159
1	13736	148
1	13875	149
1	14142	152
1	14292	147
1	14403	135
1	14563	126
1	14640	155
1	14832	159
1	15002	130
1	15156	139
1	15237	115
1	15314	141
1	15413	111
1	15486	138
1	15733	159
1	15893	104
1	15962	127
1	16073	145
1	16155	140
1	16261	108
1	16475	113
1	16561	126
1	16751	133
1	16825	136
1	16907	108
1	17127	135
1	17322	150
1	17512	124
1	17582	115
1	17769	152
1	18106	134
1	18212	106
1	18327	128
1	18465	108
1	18531	124
1	18616	137
1	18691	148
1	18766	109
1	18839	115
1	18903	120
1	19094	142
1	19249	127
1	19326	121
1	19452	120
1	19532	118
1	19677	150
1	19783	146
1	19984	111
1	20112	121
1	20248	129
1	20363	127
1	20545	146
1	20624	150
1	20908	151
1	21047	155
1	21197	136
1	21283	151
1	21390	118
1	21454	124
1	21516	121
1	21580	117
1	21801	118
1	22218	141
1	22293	102
1	22395	141
1	22636	158
1	22797	119
1	22870	119
1	22952	153
1	23096	108
1	23154	103
1	23269	101
1	23340	121
1	23459	158
1	23626	148
1	23744	148
1	23967	133
1	24084	151
1	24235	129
1	24303	128
1	24403	122
1	24763	124
1	24956	117
1	25040	137
1	25128	118
1	25208	101
1	25389	149
1	25608	125
1	25887	125
1	25963	145
1	26050	127
1	26189	135
1	26271	145
1	26463	158
1	26659	136
1	26738	138
1	26830	121
1	26907	141
1	26986	147
1	27189	137
1	27264	138
1	27445	116
1	27719	143
1	27796	113
1	27893	124
1	28043	157
1	28266	144
1	28406	144
1	28488	128
1	28569	132
1	28800	160
1	28900	150
1	28981	108
1	29081	100
1	29192	119
1	29253	108
1	29366	120
1	29501	114
1	29593	159
1	29714	112
1	29815	155
1	30310	144
1	30524	116
1	30675	123
1	30740	106
1	30960	146
1	31159	147
1	31252	114
1	31324	126
1	31528	153
1	31656	151
1	31977	124
1	32385	128
1	32464	142
1	32861	141
1	32956	113
1	33031	110
1	33109	153
1	33243	120
1	33322	135
1	33396	144
1	33552	150
1	33628	147
1	33730	141
1	33868	119
1	34011	156
1	34141	106
1	34317	137
1	34440	159
1	34520	136
1	34591	130
1	34792	154
1	35063	146
1	35174	128
1	35274	123
1	35457	143
1	35534	116
1	35623	103
1	35726	159
1	36023	137
1	36147	159
1	36295	143
1	36378	106
1	36459	105
1	36552	131
1	36685	103
1	36835	121
1	37080	133
1	37157	126
1	37330	143
1	37438	128
1	37513	112
1	37626	105
1	37876	147
1	38070	134
1	38225	137
1	38339	138
1	38601	158
1	38756	157
1	38865	122
1	38944	137
1	39109	150
1	39302	138
1	39460	138
1	39539	100
1	39614	149
1	39725	120
1	39807	109
1	39987	115
1	40114	132
1	40315	152
1	40593	114
1	40673	160
1	40956	123
1	41088	123
1	41259	121
1	41371	107
1	41464	108
1	41541	138
1	41722	102
1	41988	113
1	42089	156
1	42181	141
1	42348	144
1	42524	140
1	42643	133
1	42712	112
1	42819	105
1	42899	125
1	43029	132
1	43215	157
1	43325	121
1	43396	125
1	43520	142
1	43593	103
1	43704	139
1	43989	109
1	44232	134
1	44355	101
1	44451	142
1	44585	112
1	44692	118
1	44970	149
1	45182	104
1	45319	102
1	45552	135
1	45828	117
1	46081	118
1	46391	137
1	46490	133
1	46575	127
1	46674	146
1	46821	160
1	47389	148
1	47914	158
1	48016	111
1	48142	160
1	48223	148
1	48445	138
1	48576	127
1	48675	149
1	48794	122
1	48867	107
1	48986	123
1	49089	118
1	49162	143
1	49282	155
1	49508	127
1	49740	124
1	49962	118
1	50233	115
1	50323	125
1	50423	141
1	50637	101
1	50739	112
1	50830	109
1	50910	102
1	51235	146
1	51532	160
1	51613	134
1	51832	138
1	51991	131
1	52087	117
1	52191	156
1	52344	135
1	52429	108
1	52507	152
1	52702	105
1	52760	113
1	52883	117
1	53121	148
1	53206	111
1	53275	118
1	53378	100
1	53476	156
1	53554	107
1	53672	129
1	53908	137
1	53998	116
1	54104	157
1	54269	143
1	54419	154
1	54510	148
1	54724	104
1	54812	121
1	54893	139
1	55113	158
1	55245	130
1	55351	126
1	55442	102
1	55573	156
1	55845	147
1	55923	125
1	56114	159
1	56213	138
1	56289	121
1	56639	155
1	56728	111
1	56893	158
1	57132	136
1	57211	145
1	57383	151
1	57512	141
1	57590	114
1	57762	112
1	57848	128
1	57917	109
1	57972	106
1	58034	117
1	58131	129
1	58340	143
1	58649	155
1	58841	142
1	58917	109
1	59002	107
1	59108	135
1	59373	123
1	59444	121
1	59554	137
1	59784	148
1	60025	116
1	60283	126
1	60484	160
1	60711	113
1	60799	154
1	60894	107
1	60961	121
1	61080	143
1	61227	101
1	61289	100
1	61377	122
1	61478	100
1	61582	106
1	61682	114
1	61771	115
1	62036	147
1	62135	142
1	62289	156
1	62628	142
1	62890	124
1	62961	112
1	63069	154
1	63175	149
1	63273	145
1	63390	102
1	63512	105
1	63584	128
1	63659	116
1	63742	116
1	63837	147
1	64103	132
1	64199	126
1	64351	153
1	64556	138
1	64628	113
1	64697	119
1	64777	130
1	64928	125
1	65008	145
1	65127	130
1	65205	133
1	65316	136
1	65384	104
1	65495	111
1	65572	130
1	65651	147
1	65841	120
1	65988	142
1	66079	104
1	66143	127
1	66331	138
1	66443	123
1	66516	117
1	66625	124
1	66750	129
1	66835	138
1	67010	131
1	67090	111
1	67182	116
1	67352	129
1	67550	108
1	67692	145
1	67778	150
1	67857	135
1	68013	157
1	68310	140
1	68457	116
1	68591	139
1	68720	121
1	68913	159
1	69115	107
1	69316	154
1	69450	140
1	69557	132
1	69643	144
1	69715	128
1	69812	101
1	69886	144
1	70027	117
1	70108	122
1	70246	151
1	70394	118
1	70470	132
1	70714	127
1	70810	151
1	70925	134
1	71066	152
1	71233	138
1	71338	118
1	71508	106
1	71602	119
1	71665	120
1	71740	112
1	71810	103
1	72036	108
1	72126	146
1	72203	135
1	72330	134
1	72417	160
1	72498	137
1	72621	142
1	72693	104
1	72745	102
1	72869	129
1	73023	108
1	73100	111
1	73187	130
1	73410	132
1	73584	130
1	73750	153
1	74038	112
1	74251	118
1	74343	147
1	74523	119
1	74588	119
1	74743	153
1	74908	113
1	75001	145
1	75091	153
1	75184	107
1	75253	131
1	75460	136
1	75631	114
1	75771	125
1	75852	115
1	76019	132
1	76094	130
1	76215	160
1	76423	156
1	76724	146
1	76930	159
1	77064	139
1	77220	102
1	77316	106
1	77384	136
1	77455	136
1	77567	100
1	77741	157
1	77847	111
1	77943	105
1	78044	144
1	78149	151
1	78261	136
1	78507	114
1	78567	115
1	78626	106
1	78820	155
1	78929	145
1	79137	146
1	79240	106
1	79533	124
1	79766	105
1	80001	135
1	80087	159
1	80262	127
1	80716	133
1	80868	121
1	80929	104
1	81197	140
1	81269	137
1	81627	144
1	81699	111
1	81863	155
1	82077	147
1	82159	109
1	82273	109
1	82336	118
1	82400	102
1	82506	108
1	82576	117
1	82655	140
1	82828	138
1	82900	125
1	83123	157
1	83322	119
1	83383	111
1	83454	100
1	83551	118
1	83751	139
1	84003	145
1	84078	145
1	84264	120
1	84373	159
1	84625	138
1	84741	128
1	84811	108
1	84938	145
1	85071	119
1	85314	148
1	85488	152
1	85606	123
1	85753	128
1	85848	138
1	85930	147
1	86036	138
1	86118	159
1	86261	139
1	86342	141
1	86442	101
1	86496	103
1	86592	154
1	86669	118
1	86729	108
1	86841	159
1	87058	122
1	87196	130
1	87333	149
1	87409	108
1	87539	154
1	87661	160
1	87821	123
1	87915	145
1	88019	111
1	88127	118
1	88211	111
1	88349	112
1	88585	115
1	88688	129
1	88776	131
1	88902	113
1	89022	136
1	89139	143
1	89248	150
1	89413	159
1	89585	135
1	89716	134
1	89797	143
1	89966	149
1	90226	124
1	90439	143
1	90635	122
1	90698	118
1	90800	148
1	90877	105
1	90976	125
1	91052	109
1	91131	145
1	91257	143
1	91343	110
1	91408	114
1	91568	146
1	91758	147
1	91915	148
1	92011	110
1	92524	112
1	92616	134
1	92727	121
1	92985	116
1	93141	150
1	93257	137
1	93423	118
1	93508	139
1	93655	146
1	93734	138
1	93809	117
1	93907	139
1	94299	124
1	94429	122
1	94573	159
1	94882	128
1	94950	111
1	95070	154
1	95463	155
1	95561	125
1	95679	147
1	95799	139
1	95962	139
1	96092	150
1	96252	100
1	96552	130
1	96872	150
1	96956	148
1	97103	145
1	97185	147
1	97371	126
1	97452	144
1	97606	148
1	97689	120
1	97817	154
1	98022	138
1	98365	133
1	98485	110
1	98675	104
1	98742	132
1	98836	151
1	98964	117
1	99059	140
1	99134	141
1	99226	153
1	99484	129
1	99724	120
1	99793	138
1	99874	113
1	100008	133
1	100082	136
1	100352	150
1	100441	156
1	100646	133
1	100844	100
1	100909	104
1	100967	110
1	101046	106
1	101121	124
1	101213	134
1	101538	156
1	101639	134
1	101756	109
1	101826	112
1	101938	155
1	102166	140
1	102304	147
1	102567	104
1	102715	133
1	102811	151
1	102894	157
1	102981	120
1	103083	150
1	103193	142
1	103392	157
1	103562	131
1	103739	114
1	104114	145
1	104191	134
1	104260	116
1	104522	142
1	104610	118
1	104711	131
1	104972	148
1	105078	152
1	105229	125
1	105305	121
1	105478	158
1	105632	153
1	105845	141
1	105922	148
1	106039	114
1	106277	140
1	106376	111
1	106679	160
1	106803	128
1	106910	118
1	107098	131
1	107244	136
1	107589	113
1	107806	105
1	108214	109
1	108470	150
1	108664	152
1	108917	159
1	109216	121
1	109346	142
1	109609	159
1	109833	152
1	110009	151
1	110387	109
1	110491	136
1	110592	145
1	110671	133
1	110743	138
1	111058	149
1	111179	106
1	111256	154
1	111548	129
1	111704	134
1	111861	156
1	111975	112
1	112043	134
1	112129	115
1	112239	117
1	112342	120
1	112463	102
1	112824	115
1	112903	142
1	113107	123
1	113210	119
1	113278	105
1	113371	153
1	113573	149
1	113809	118
1	114162	102
1	114215	102
1	114290	140
1	114620	120
1	114908	140
1	114983	121
1	115141	147
1	115380	105
1	115487	118
1	115547	114
1	115637	115
1	115713	122
1	115818	142
1	115970	148
1	116057	120
1	116186	147
1	116330	105
1	116385	104
1	116551	133
1	116663	141
1	116794	125
1	116861	107
1	117008	137
1	117217	151
1	117308	119
1	117372	115
1	117589	112
1	117706	155
1	117787	135
1	117923	103
1	117991	131
1	118123	148
1	118278	137
1	118425	160
1	118560	120
1	118640	154
1	118807	159
1	118897	154
1	119022	122
1	119245	124
1	119567	151
1	119773	102
1	119832	103
1	119909	128
1	120104	113
1	120180	119
1	120262	159
1	120360	143
1	120433	142
1	120603	139
1	120695	144
1	120826	139
1	120914	122
1	121095	138
1	121211	130
1	121288	134
1	121375	110
1	121515	140
1	121678	102
1	121830	110
1	121953	106
1	122081	106
1	122188	154
1	122372	118
1	122486	119
1	122559	106
1	122640	122
1	122712	136
1	122805	107
1	122922	152
1	123030	126
1	123211	106
1	123310	148
1	123526	108
1	123605	108
1	123692	124
1	123852	116
1	123918	105
1	124094	111
1	124216	133
1	124550	116
1	124643	142
1	124800	151
1	124923	157
1	125051	155
1	125252	159
1	125401	154
1	125499	100
1	125601	142
1	125681	128
1	125798	135
1	125901	115
1	126041	119
1	126238	160
1	126365	104
1	126430	117
1	126504	136
1	126647	139
1	126821	115
1	126937	112
1	127012	116
1	127289	142
1	127363	118
1	127453	139
1	127748	147
1	127894	157
1	128042	110
1	128175	108
1	128269	138
1	128343	126
1	128516	113
1	128607	120
1	128714	128
1	128789	115
1	128863	121
1	128958	108
1	129041	119
1	129148	152
1	129233	103
1	129335	129
1	129408	142
1	129716	159
1	129799	114
1	129948	147
1	130138	147
1	130281	103
1	130358	144
1	130477	114
1	130705	140
1	130793	141
1	131043	145
1	131128	118
1	131245	121
1	131555	129
1	131665	134
1	131737	142
1	131835	113
1	131942	110
1	131997	106
1	132191	114
1	132264	115
1	132357	114
1	132518	146
1	132637	139
1	132731	106
1	132931	155
1	133059	122
1	133178	124
1	133268	117
1	133429	107
1	133511	139
1	133643	151
1	133766	159
1	134048	152
1	134146	113
1	134214	132
1	134298	104
1	134440	132
1	134664	111
1	134827	142
1	135075	148
1	135281	131
1	135355	119
1	135516	130
1	135604	155
1	135890	142
1	136212	127
1	136336	149
1	136416	138
1	136567	124
1	136630	124
1	136853	154
1	136980	125
1	137094	110
1	137175	160
1	137274	116
1	137356	158
1	137452	148
1	137614	111
1	137732	116
1	137810	117
1	137891	143
1	138032	118
1	138106	141
1	138321	141
1	138547	140
1	138623	114
1	138691	133
1	138871	121
1	138945	117
1	139029	107
1	139254	112
1	139379	138
1	139540	137
1	139707	149
1	139845	138
1	140108	110
1	140287	139
1	140403	124
1	140490	111
1	140727	146
1	140834	145
1	141071	112
1	141193	142
1	141319	149
1	141555	131
1	141646	129
1	141731	118
1	141812	123
1	141966	146
1	142046	148
1	142372	133
1	142513	112
1	142592	154
1	142697	120
1	142808	126
1	142992	155
1	143379	153
1	143673	136
1	143781	136
1	143897	141
1	144426	160
1	144561	120
1	144638	146
1	144737	155
1	144967	143
1	145081	111
1	145144	110
1	145279	111
1	145402	143
1	145537	138
1	145625	120
1	145709	133
1	145960	116
1	146175	149
1	146269	154
1	146448	106
1	146530	151
1	146607	134
1	146677	116
1	146816	100
1	146894	130
1	147057	143
1	147138	125
1	147302	132
1	147378	123
1	147495	141
1	147641	110
1	147707	107
1	147848	101
1	147914	114
1	147987	102
1	148071	116
1	148191	123
1	148272	149
1	148375	153
1	148737	130
1	148903	153
1	149216	101
1	149341	160
1	149449	115
1	149539	139
1	149787	121
1	149920	155
1	150139	142
1	150278	123
1	150379	152
1	150456	127
1	150576	110
1	150748	159
1	150961	150
1	151088	115
1	151173	135
1	151282	147
1	151377	150
1	151515	144
1	151679	125
1	151858	147
1	152031	146
1	152114	151
1	152384	160
1	152574	149
1	152848	141
1	153135	136
1	153223	111
1	153312	116
1	153386	148
1	153468	146
1	153553	117
1	153639	147
1	153902	133
1	154005	150
1	154183	130
1	154284	152
1	154366	151
1	154543	139
1	154665	140
1	154913	141
1	155014	123
1	155120	110
1	155176	102
1	155244	112
1	155363	116
1	155479	120
1	155746	158
1	155843	148
1	156129	138
1	156322	153
1	156521	124
1	156587	121
1	156663	131
1	156981	144
1	157060	155
1	157141	108
1	157204	106
1	157278	111
1	157372	155
1	157475	160
1	157650	150
1	157743	120
1	157860	125
1	158094	142
1	158255	128
1	158529	137
1	158674	145
1	158775	135
1	158852	142
1	158992	142
1	159081	150
1	159273	160
1	159367	107
1	159449	106
1	159541	146
1	159642	149
1	159811	120
1	159902	119
1	160022	126
1	160115	147
1	160193	149
1	160497	118
1	160791	154
1	160895	124
1	161011	160
1	161218	153
1	161309	104
1	161427	153
1	161551	143
1	161766	113
1	161898	154
1	162062	115
1	162130	124
1	162313	108
1	162384	137
1	162511	144
1	162605	151
1	162748	117
1	163012	149
1	163097	150
1	163239	134
1	163418	152
1	163519	106
1	163632	150
1	163726	140
1	163925	100
1	164115	138
1	164279	123
1	164462	137
1	164652	133
1	164742	114
1	164833	105
1	164950	131
1	165081	109
1	165237	137
1	165547	131
1	165637	137
1	165752	141
1	165900	143
1	166106	101
1	166237	122
1	166528	116
1	166592	124
1	166730	152
1	166838	146
1	167063	141
1	167166	148
1	167257	152
1	167423	160
1	167660	128
1	167972	130
1	168052	102
1	168177	116
1	168373	154
1	168490	151
1	168747	139
1	168879	131
1	169047	145
1	169354	155
1	169469	144
1	169608	156
1	169781	112
1	170127	139
1	170204	153
1	170342	147
1	170464	158
1	170665	148
1	170755	143
1	170875	157
1	171052	148
1	171293	147
1	171425	135
1	171589	138
1	171677	159
1	171877	151
1	172007	147
1	172083	109
1	172295	141
1	172376	104
1	172471	110
1	172674	122
1	172793	138
1	172977	154
1	173104	141
1	173176	125
1	173338	144
1	173628	139
1	173712	140
1	173920	143
1	174255	154
1	174377	120
1	174443	110
1	174514	114
1	174623	126
1	174730	103
1	174806	145
1	174951	156
1	175206	127
1	175277	140
1	175355	146
1	175538	114
1	175736	152
1	175920	107
1	176042	147
1	176373	154
1	176473	130
1	176549	145
1	176702	127
1	176842	145
1	176972	143
1	177196	141
1	177280	106
1	177384	116
1	177466	109
1	177549	149
1	177689	145
1	177903	151
1	178007	109
1	178145	159
1	178488	118
1	178575	110
1	178674	138
1	178900	156
1	179007	114
1	179159	121
1	179226	124
1	179396	144
1	179471	125
1	179552	139
1	179622	136
1	179750	121
1	179872	122
1	179950	124
1	180017	100
1	180097	106
1	180214	107
1	180271	107
1	180427	106
1	180540	108
1	180605	110
1	180696	133
1	180768	128
1	180843	128
1	181060	113
1	181167	119
1	181242	135
1	181347	132
1	181414	101
1	181509	133
1	181692	111
1	181781	141
1	181860	109
1	181930	101
1	182071	144
1	182377	142
1	182583	142
1	182667	113
1	182738	135
1	182842	138
1	182914	143
1	183000	141
1	183208	141
1	183282	138
1	183483	150
1	183638	129
1	183785	145
