Chr	Center	Size
1	176	140
1	401	140
1	581	140
1	711	140
1	851	140
1	1221	140
1	1321	140
1	1471	140
1	1761	140
1	1961	140
1	2061	140
1	2228	140
1	2391	140
1	2551	140
1	2651	140
1	2721	140
1	3241	140
1	3521	140
1	3661	140
1	3761	140
1	3891	140
1	4031	140
1	4231	140
1	4421	140
1	4721	140
1	4871	140
1	5171	140
1	5241	140
1	5311	140
1	5471	140
1	5581	140
1	5721	140
1	5821	140
1	5991	140
1	6161	140
1	6291	140
1	6441	140
1	6621	140
1	6731	140
1	6861	140
1	6941	140
1	7091	140
1	7316	140
1	7421	140
1	7581	140
1	7751	140
1	7961	140
1	8061	140
1	8351	140
1	8601	140
1	8731	140
1	8841	140
1	8981	140
1	9131	140
1	9261	140
1	9411	140
1	9513	140
1	9681	140
1	9991	140
1	10351	140
1	10511	140
1	10581	140
1	10661	140
1	10826	140
1	10961	140
1	11131	140
1	11281	140
1	11421	140
1	11671	140
1	11831	140
1	12081	140
1	12286	140
1	12511	140
1	12581	140
1	12661	140
1	12841	140
1	13091	140
1	13781	140
1	13851	140
1	14101	140
1	14211	140
1	14451	140
1	14571	140
1	14801	140
1	14961	140
1	15031	140
1	15171	140
1	15241	140
1	15401	140
1	15471	140
1	15701	140
1	15801	140
1	15936	140
1	16051	140
1	16191	140
1	16311	140
1	16521	140
1	16681	140
1	16776	140
1	16911	140
1	17071	140
1	17361	140
1	17521	140
1	17791	140
1	18126	140
1	18211	140
1	18361	140
1	18541	140
1	18731	140
1	18851	140
1	18976	140
1	19101	140
1	19211	140
1	19481	140
1	19661	140
1	19761	140
1	20051	140
1	20141	140
1	20256	140
1	20381	140
1	20481	140
1	20551	140
1	20871	140
1	20941	140
1	21081	140
1	21171	140
1	21296	140
1	21491	140
1	21741	140
1	22231	140
1	22301	140
1	22411	140
1	22661	140
1	22781	140
1	22911	140
1	23131	140
1	23231	140
1	23311	140
1	23421	140
1	23581	140
1	23701	140
1	23811	140
1	23941	140
1	24171	140
1	24301	140
1	24431	140
1	24791	140
1	24981	140
1	25101	140
1	25171	140
1	25301	140
1	25521	140
1	25591	140
1	25881	140
1	25961	140
1	26091	140
1	26211	140
1	26441	140
1	26671	140
1	26831	140
1	26906	140
1	27031	140
1	27161	140
1	27426	140
1	27821	140
1	27941	140
1	28011	140
1	28081	140
1	28261	140
1	28441	140
1	28511	140
1	28851	140
1	28951	140
1	29091	140
1	29211	140
1	29301	140
1	29421	140
1	29571	140
1	29721	140
1	29791	140
1	30301	140
1	30511	140
1	30581	140
1	30651	140
1	30721	140
1	30941	140
1	31171	140
1	31301	140
1	31641	140
1	31991	140
1	32451	140
1	32831	140
1	33041	140
1	33141	140
1	33291	140
1	33421	140
1	33581	140
1	33721	140
1	33851	140
1	34071	140
1	34301	140
1	34401	140
1	34521	140
1	34791	140
1	35031	140
1	35231	140
1	35481	140
1	35551	140
1	35621	140
1	35731	140
1	36061	140
1	36191	140
1	36321	140
1	36421	140
1	36571	140
1	36651	140
1	36811	140
1	37241	140
1	37401	140
1	37501	140
1	37651	140
1	37761	140
1	37831	140
1	38081	140
1	38191	140
1	38261	140
1	38411	140
1	38601	140
1	38711	140
1	38971	140
1	39041	140
1	39111	140
1	39311	140
1	39531	140
1	39631	140
1	39751	140
1	39861	140
1	40021	140
1	40131	140
1	40326	140
1	40571	140
1	40681	140
1	40751	140
1	40881	140
1	41001	140
1	41071	140
1	41141	140
1	41241	140
1	41401	140
1	41561	140
1	41721	140
1	42051	140
1	42291	140
1	42431	140
1	42601	140
1	42711	140
1	42941	140
1	43251	140
1	43391	140
1	43511	140
1	43591	140
1	43661	140
1	44006	140
1	44171	140
1	44361	140
1	44561	140
1	44661	140
1	44921	140
1	44991	140
1	45171	140
1	45271	140
1	45531	140
1	45851	140
1	46061	140
1	46381	140
1	46451	140
1	46561	140
1	46661	140
1	46781	140
1	46861	140
1	47371	140
1	47971	140
1	48081	140
1	48211	140
1	48461	140
1	48581	140
1	48701	140
1	48871	140
1	48991	140
1	49171	140
1	49251	140
1	49356	140
1	49431	140
1	49501	140
1	49731	140
1	49971	140
1	50241	140
1	50311	140
1	50381	140
1	50591	140
1	50721	140
1	50821	140
1	50961	140
1	51251	140
1	51576	140
1	51821	140
1	51931	140
1	52051	140
1	52221	140
1	52341	140
1	52471	140
1	52601	140
1	52791	140
1	52861	140
1	53056	140
1	53266	140
1	53351	140
1	53431	140
1	53541	140
1	53611	140
1	53721	140
1	53881	140
1	54091	140
1	54161	140
1	54241	140
1	54421	140
1	54711	140
1	54911	140
1	55111	140
1	55211	140
1	55321	140
1	55431	140
1	55571	140
1	55831	140
1	56051	140
1	56201	140
1	56291	140
1	56631	140
1	56771	140
1	56951	140
1	57131	140
1	57216	140
1	57286	140
1	57431	140
1	57526	140
1	57611	140
1	57791	140
1	58001	140
1	58111	140
1	58261	140
1	58351	140
1	58651	140
1	58906	140
1	59001	140
1	59101	140
1	59371	140
1	59521	140
1	59741	140
1	60041	140
1	60321	140
1	60441	140
1	60581	140
1	60791	140
1	60896	140
1	60981	140
1	61051	140
1	61236	140
1	61331	140
1	61561	140
1	61711	140
1	61851	140
1	62111	140
1	62291	140
1	62631	140
1	62921	140
1	63061	140
1	63171	140
1	63281	140
1	63451	140
1	63521	140
1	63641	140
1	63771	140
1	64071	140
1	64141	140
1	64211	140
1	64281	140
1	64431	140
1	64521	140
1	64621	140
1	64741	140
1	64831	140
1	64941	140
1	65076	140
1	65221	140
1	65361	140
1	65431	140
1	65531	140
1	65651	140
1	65851	140
1	65951	140
1	66141	140
1	66331	140
1	66441	140
1	66521	140
1	66646	140
1	66831	140
1	67051	140
1	67361	140
1	67561	140
1	67771	140
1	67841	140
1	67961	140
1	68331	140
1	68511	140
1	68721	140
1	68841	140
1	68951	140
1	69141	140
1	69341	140
1	69421	140
1	69556	140
1	69671	140
1	69891	140
1	70051	140
1	70241	140
1	70321	140
1	70461	140
1	70691	140
1	70861	140
1	70971	140
1	71081	140
1	71341	140
1	71571	140
1	71661	140
1	71786	140
1	72041	140
1	72121	140
1	72261	140
1	72481	140
1	72611	140
1	72721	140
1	72841	140
1	73011	140
1	73121	140
1	73231	140
1	73311	140
1	73431	140
1	73611	140
1	73711	140
1	73996	140
1	74181	140
1	74261	140
1	74331	140
1	74581	140
1	74701	140
1	74911	140
1	75011	140
1	75121	140
1	75351	140
1	75471	140
1	75611	140
1	75831	140
1	76091	140
1	76191	140
1	76441	140
1	76661	140
1	76791	140
1	76911	140
1	77031	140
1	77221	140
1	77331	140
1	77441	140
1	77581	140
1	77761	140
1	77891	140
1	78021	140
1	78131	140
1	78261	140
1	78451	140
1	78561	140
1	78801	140
1	78871	140
1	78951	140
1	79161	140
1	79241	140
1	79541	140
1	79751	140
1	79881	140
1	80041	140
1	80201	140
1	80281	140
1	80711	140
1	80821	140
1	80931	140
1	81231	140
1	81641	140
1	81881	140
1	82131	140
1	82271	140
1	82441	140
1	82541	140
1	82621	140
1	82831	140
1	82931	140
1	83121	140
1	83381	140
1	83531	140
1	83781	140
1	84041	140
1	84191	140
1	84316	140
1	84581	140
1	84801	140
1	84891	140
1	85031	140
1	85111	140
1	85301	140
1	85511	140
1	85581	140
1	85671	140
1	85811	140
1	85911	140
1	86111	140
1	86271	140
1	86341	140
1	86531	140
1	86656	140
1	86831	140
1	87031	140
1	87111	140
1	87191	140
1	87311	140
1	87421	140
1	87491	140
1	87691	140
1	87881	140
1	88161	140
1	88351	140
1	88551	140
1	88761	140
1	89011	140
1	89171	140
1	89421	140
1	89581	140
1	89811	140
1	89991	140
1	90201	140
1	90421	140
1	90681	140
1	90781	140
1	90961	140
1	91081	140
1	91171	140
1	91241	140
1	91331	140
1	91401	140
1	91531	140
1	91661	140
1	91791	140
1	91881	140
1	92011	140
1	92501	140
1	92631	140
1	92701	140
1	92771	140
1	92971	140
1	93121	140
1	93271	140
1	93501	140
1	93711	140
1	93891	140
1	94271	140
1	94531	140
1	94891	140
1	95056	140
1	95141	140
1	95481	140
1	95581	140
1	95701	140
1	95771	140
1	95881	140
1	95991	140
1	96081	140
1	96256	140
1	96481	140
1	96566	140
1	96901	140
1	97111	140
1	97371	140
1	97581	140
1	97836	140
1	97921	140
1	97991	140
1	98251	140
1	98331	140
1	98511	140
1	98711	140
1	98821	140
1	98951	140
1	99051	140
1	99171	140
1	99281	140
1	99351	140
1	99451	140
1	99741	140
1	99971	140
1	100081	140
1	100421	140
1	100521	140
1	100681	140
1	100841	140
1	100971	140
1	101121	140
1	101191	140
1	101281	140
1	101531	140
1	101651	140
1	101761	140
1	101901	140
1	101971	140
1	102141	140
1	102211	140
1	102281	140
1	102611	140
1	102711	140
1	102961	140
1	103141	140
1	103251	140
1	103381	140
1	103591	140
1	103671	140
1	103741	140
1	104081	140
1	104151	140
1	104221	140
1	104341	140
1	104551	140
1	104671	140
1	104751	140
1	104961	140
1	105071	140
1	105271	140
1	105391	140
1	105461	140
1	105631	140
1	105891	140
1	106021	140
1	106256	140
1	106391	140
1	106681	140
1	106871	140
1	107081	140
1	107211	140
1	107281	140
1	107511	140
1	107606	140
1	107781	140
1	108251	140
1	108471	140
1	108671	140
1	108921	140
1	109201	140
1	109271	140
1	109376	140
1	109611	140
1	109811	140
1	109996	140
1	110381	140
1	110481	140
1	110661	140
1	110741	140
1	111031	140
1	111191	140
1	111361	140
1	111481	140
1	111601	140
1	111711	140
1	111831	140
1	112056	140
1	112231	140
1	112331	140
1	112441	140
1	112781	140
1	112961	140
1	113121	140
1	113201	140
1	113351	140
1	113591	140
1	113801	140
1	114181	140
1	114271	140
1	114581	140
1	114681	140
1	114961	140
1	115161	140
1	115371	140
1	115511	140
1	115681	140
1	115751	140
1	115831	140
1	115901	140
1	115971	140
1	116081	140
1	116301	140
1	116581	140
1	116661	140
1	116781	140
1	116921	140
1	117031	140
1	117241	140
1	117321	140
1	117581	140
1	117651	140
1	117791	140
1	117861	140
1	117971	140
1	118101	140
1	118221	140
1	118401	140
1	118471	140
1	118631	140
1	118701	140
1	118811	140
1	118991	140
1	119256	140
1	119611	140
1	119771	140
1	119901	140
1	120111	140
1	120211	140
1	120351	140
1	120601	140
1	120681	140
1	120871	140
1	121161	140
1	121321	140
1	121661	140
1	121751	140
1	121911	140
1	122011	140
1	122161	140
1	122271	140
1	122341	140
1	122411	140
1	122511	140
1	122621	140
1	122791	140
1	122911	140
1	123041	140
1	123111	140
1	123231	140
1	123341	140
1	123451	140
1	123521	140
1	123681	140
1	123871	140
1	123971	140
1	124051	140
1	124161	140
1	124621	140
1	124726	140
1	124821	140
1	124931	140
1	125041	140
1	125276	140
1	125491	140
1	125636	140
1	125791	140
1	125921	140
1	126091	140
1	126281	140
1	126351	140
1	126421	140
1	126501	140
1	126631	140
1	126871	140
1	126981	140
1	127331	140
1	127411	140
1	127781	140
1	127951	140
1	128096	140
1	128261	140
1	128331	140
1	128581	140
1	128711	140
1	128831	140
1	128901	140
1	129061	140
1	129201	140
1	129281	140
1	129391	140
1	129721	140
1	129791	140
1	129921	140
1	130151	140
1	130301	140
1	130541	140
1	130781	140
1	131021	140
1	131111	140
1	131206	140
1	131311	140
1	131571	140
1	131811	140
1	131881	140
1	131956	140
1	132121	140
1	132191	140
1	132371	140
1	132451	140
1	132661	140
1	132861	140
1	132981	140
1	133081	140
1	133191	140
1	133321	140
1	133391	140
1	133471	140
1	133711	140
1	134121	140
1	134216	140
1	134471	140
1	134601	140
1	134711	140
1	134831	140
1	135101	140
1	135291	140
1	135431	140
1	135501	140
1	135611	140
1	135711	140
1	135891	140
1	136221	140
1	136311	140
1	136381	140
1	136471	140
1	136651	140
1	136851	140
1	137051	140
1	137211	140
1	137291	140
1	137421	140
1	137591	140
1	137671	140
1	137841	140
1	137961	140
1	138071	140
1	138311	140
1	138541	140
1	138611	140
1	138721	140
1	138891	140
1	139021	140
1	139251	140
1	139391	140
1	139561	140
1	139731	140
1	139871	140
1	139941	140
1	140141	140
1	140311	140
1	140421	140
1	140761	140
1	140861	140
1	141061	140
1	141211	140
1	141281	140
1	141621	140
1	141701	140
1	141811	140
1	142051	140
1	142331	140
1	142441	140
1	142641	140
1	142741	140
1	142821	140
1	142941	140
1	143391	140
1	143701	140
1	143771	140
1	143871	140
1	144421	140
1	144621	140
1	144741	140
1	144981	140
1	145111	140
1	145181	140
1	145311	140
1	145601	140
1	145671	140
1	145941	140
1	146061	140
1	146191	140
1	146291	140
1	146501	140
1	146616	140
1	146901	140
1	147111	140
1	147391	140
1	147641	140
1	147861	140
1	148151	140
1	148391	140
1	148461	140
1	148721	140
1	148886	140
1	149191	140
1	149366	140
1	149491	140
1	149751	140
1	149821	140
1	149901	140
1	150191	140
1	150291	140
1	150431	140
1	150511	140
1	150641	140
1	150771	140
1	150941	140
1	151121	140
1	151281	140
1	151401	140
1	151501	140
1	151681	140
1	151851	140
1	152011	140
1	152161	140
1	152401	140
1	152481	140
1	152601	140
1	152841	140
1	152911	140
1	153171	140
1	153351	140
1	153491	140
1	153571	140
1	153651	140
1	153871	140
1	154041	140
1	154211	140
1	154281	140
1	154351	140
1	154521	140
1	154651	140
1	154821	140
1	154981	140
1	155111	140
1	155221	140
1	155361	140
1	155491	140
1	155731	140
1	155901	140
1	156151	140
1	156311	140
1	156541	140
1	156611	140
1	156961	140
1	157091	140
1	157351	140
1	157421	140
1	157721	140
1	157851	140
1	158091	140
1	158231	140
1	158571	140
1	158711	140
1	158801	140
1	158951	140
1	159101	140
1	159301	140
1	159381	140
1	159451	140
1	159621	140
1	159841	140
1	160131	140
1	160501	140
1	160811	140
1	160951	140
1	161261	140
1	161411	140
1	161541	140
1	161771	140
1	161891	140
1	162051	140
1	162351	140
1	162596	140
1	162681	140
1	162761	140
1	163111	140
1	163191	140
1	163371	140
1	163441	140
1	163641	140
1	163791	140
1	163951	140
1	164061	140
1	164131	140
1	164261	140
1	164431	140
1	164571	140
1	164641	140
1	164761	140
1	164831	140
1	165026	140
1	165131	140
1	165251	140
1	165331	140
1	165601	140
1	165781	140
1	165861	140
1	166081	140
1	166221	140
1	166571	140
1	166731	140
1	166841	140
1	167051	140
1	167181	140
1	167321	140
1	167671	140
1	167931	140
1	168146	140
1	168241	140
1	168311	140
1	168441	140
1	168511	140
1	168751	140
1	168901	140
1	168981	140
1	169051	140
1	169371	140
1	169501	140
1	169641	140
1	169861	140
1	170031	140
1	170151	140
1	170351	140
1	170471	140
1	170721	140
1	170791	140
1	170861	140
1	171066	140
1	171411	140
1	171541	140
1	171631	140
1	171931	140
1	172011	140
1	172341	140
1	172411	140
1	172641	140
1	172751	140
1	172911	140
1	173031	140
1	173171	140
1	173301	140
1	173691	140
1	173911	140
1	174251	140
1	174381	140
1	174491	140
1	174721	140
1	174801	140
1	174871	140
1	175311	140
1	175621	140
1	175741	140
1	175981	140
1	176051	140
1	176361	140
1	176481	140
1	176621	140
1	176861	140
1	176931	140
1	177001	140
1	177141	140
1	177211	140
1	177421	140
1	177541	140
1	177631	140
1	177751	140
1	177921	140
1	178041	140
1	178121	140
1	178551	140
1	178911	140
1	179191	140
1	179431	140
1	179631	140
1	179761	140
1	179831	140
1	179901	140
1	180011	140
1	180101	140
1	180171	140
1	180241	140
1	180371	140
1	180441	140
1	180536	140
1	180671	140
1	180748	140
1	181041	140
1	181188	140
1	181326	140
1	181491	140
1	181768	140
1	181971	140
1	182091	140
1	182391	140
1	182621	140
1	182841	140
1	183261	140
1	183481	140
1	183571	140
1	183641	140
1	183711	140
1	183801	140
